N_ED	2005 02 02 10 15	0.1
N_ED	2005 02 02 17 55	0.1
N_ED	2005 02 02 18 00	0.1
N_ED	2005 02 02 18 15	0.1
N_ED	2005 02 02 18 25	0.1
N_ED	2005 02 02 18 45	0.1
N_ED	2005 02 02 19 05	0.1
N_ED	2005 02 02 19 25	0.1
N_ED	2005 02 02 20 05	0.1
N_ED	2005 02 02 20 25	0.1
N_ED	2005 02 02 20 40	0.1
N_ED	2005 02 02 20 50	0.1
N_ED	2005 02 02 21 10	0.1
N_ED	2005 02 02 21 25	0.1
N_ED	2005 02 02 21 40	0.1
N_ED	2005 02 02 22 15	0.1
N_ED	2005 02 02 22 20	0.1
N_ED	2005 02 02 22 30	0.1
N_ED	2005 02 02 22 35	0.1
N_ED	2005 02 02 22 45	0.1
N_ED	2005 02 02 23 00	0.1
N_ED	2005 02 02 23 05	0.1
N_ED	2005 02 02 23 10	0.1
N_ED	2005 02 02 23 15	0.1
N_ED	2005 02 02 23 25	0.1
N_ED	2005 02 02 23 30	0.1
N_ED	2005 02 02 23 40	0.1
N_ED	2005 02 02 23 55	0.2
N_ED	2005 02 03 00 05	0.2
N_ED	2005 02 03 00 10	0.1
N_ED	2005 02 03 00 20	0.1
N_ED	2005 02 03 00 25	0.1
N_ED	2005 02 03 00 30	0.1
N_ED	2005 02 03 00 35	0.1
N_ED	2005 02 03 00 45	0.2
N_ED	2005 02 03 00 50	0.1
N_ED	2005 02 03 00 55	0.1
N_ED	2005 02 03 01 00	0.1
N_ED	2005 02 03 01 05	0.1
N_ED	2005 02 03 01 10	0.1
N_ED	2005 02 03 01 20	0.1
N_ED	2005 02 03 01 40	0.1
N_ED	2005 02 03 01 45	0.1
N_ED	2005 02 03 01 55	0.1
N_ED	2005 02 03 02 05	0.1
N_ED	2005 02 03 02 20	0.1
N_ED	2005 02 03 02 30	0.1
N_ED	2005 02 03 02 40	0.1
N_ED	2005 02 03 02 55	0.1
N_ED	2005 02 03 03 30	0.1
N_ED	2005 02 03 04 35	0.1
N_ED	2005 02 03 04 40	0.1
N_ED	2005 02 03 04 45	0.1
N_ED	2005 02 03 05 05	0.1
N_ED	2005 02 03 06 05	0.1
N_ED	2005 02 03 06 25	0.1
N_ED	2005 02 03 06 35	0.1
N_ED	2005 02 03 06 40	0.1
N_ED	2005 02 03 07 00	0.1
N_ED	2005 02 03 07 10	0.1
N_ED	2005 02 03 07 15	0.1
N_ED	2005 02 03 07 25	0.1
N_ED	2005 02 03 07 50	0.1
N_ED	2005 02 03 08 05	0.1
N_ED	2005 02 03 08 30	0.1
N_ED	2005 02 03 08 40	0.1
N_ED	2005 02 03 09 10	0.1
N_ED	2005 02 03 09 20	0.1
N_ED	2005 02 03 09 30	0.2
N_ED	2005 02 03 09 35	0.1
N_ED	2005 02 03 09 55	0.1
N_ED	2005 02 03 10 45	0.1
N_ED	2005 02 03 19 05	0.1
N_ED	2005 02 10 17 10	0.1
N_ED	2005 02 10 17 40	0.1
N_ED	2005 02 10 18 25	0.1
N_ED	2005 02 10 18 50	0.1
N_ED	2005 02 10 20 10	0.1
N_ED	2005 02 11 03 30	0.1
N_ED	2005 02 11 05 20	0.1
N_ED	2005 02 11 06 05	0.1
N_ED	2005 02 11 06 15	0.1
N_ED	2005 02 11 06 40	0.1
N_ED	2005 02 11 06 45	0.1
N_ED	2005 02 11 06 50	0.1
N_ED	2005 02 11 07 00	0.1
N_ED	2005 02 11 07 10	0.1
N_ED	2005 02 11 07 25	0.1
N_ED	2005 02 11 07 40	0.1
N_ED	2005 02 11 08 15	0.1
N_ED	2005 02 11 09 05	0.1
N_ED	2005 02 11 17 35	0.1
N_ED	2005 02 12 00 10	0.1
N_ED	2005 02 12 00 45	0.1
N_ED	2005 02 12 01 05	0.1
N_ED	2005 02 12 01 30	0.1
N_ED	2005 02 12 02 10	0.1
N_ED	2005 02 12 03 15	0.1
N_ED	2005 02 12 03 40	0.1
N_ED	2005 02 12 04 15	0.1
N_ED	2005 02 12 04 20	0.1
N_ED	2005 02 12 04 40	0.1
N_ED	2005 02 12 05 00	0.1
N_ED	2005 02 12 05 35	0.1
N_ED	2005 02 12 06 00	0.1
N_ED	2005 02 12 06 10	0.1
N_ED	2005 02 12 06 20	0.1
N_ED	2005 02 12 06 30	0.1
N_ED	2005 02 12 06 35	0.1
N_ED	2005 02 12 06 45	0.1
N_ED	2005 02 12 06 55	0.1
N_ED	2005 02 12 07 05	0.2
N_ED	2005 02 12 07 15	0.1
N_ED	2005 02 12 07 20	0.1
N_ED	2005 02 12 07 30	0.2
N_ED	2005 02 12 07 35	0.1
N_ED	2005 02 12 07 40	0.1
N_ED	2005 02 12 07 45	0.1
N_ED	2005 02 12 07 50	0.1
N_ED	2005 02 12 07 55	0.2
N_ED	2005 02 12 08 00	0.1
N_ED	2005 02 12 08 05	0.1
N_ED	2005 02 12 08 10	0.1
N_ED	2005 02 12 08 15	0.1
N_ED	2005 02 12 08 20	0.1
N_ED	2005 02 12 08 25	0.1
N_ED	2005 02 12 08 30	0.1
N_ED	2005 02 12 08 35	0.2
N_ED	2005 02 12 08 40	0.1
N_ED	2005 02 12 08 45	0.1
N_ED	2005 02 12 08 50	0.1
N_ED	2005 02 12 08 55	0.1
N_ED	2005 02 12 09 00	0.2
N_ED	2005 02 12 09 05	0.1
N_ED	2005 02 12 09 10	0.2
N_ED	2005 02 12 09 15	0.1
N_ED	2005 02 12 09 20	0.1
N_ED	2005 02 12 09 25	0.2
N_ED	2005 02 12 09 30	0.1
N_ED	2005 02 12 09 35	0.2
N_ED	2005 02 12 09 40	0.1
N_ED	2005 02 12 09 45	0.2
N_ED	2005 02 12 09 50	0.2
N_ED	2005 02 12 09 55	0.3
N_ED	2005 02 12 10 00	0.2
N_ED	2005 02 12 10 05	0.2
N_ED	2005 02 12 10 10	0.2
N_ED	2005 02 12 10 15	0.2
N_ED	2005 02 12 10 20	0.1
N_ED	2005 02 12 10 25	0.1
N_ED	2005 02 12 10 30	0.1
N_ED	2005 02 12 10 35	0.1
N_ED	2005 02 12 10 40	0.1
N_ED	2005 02 12 10 50	0.1
N_ED	2005 02 12 10 55	0.1
N_ED	2005 02 12 11 00	0.1
N_ED	2005 02 12 11 05	0.1
N_ED	2005 02 12 11 20	0.1
N_ED	2005 02 12 11 45	0.1
N_ED	2005 02 12 11 55	0.1
N_ED	2005 02 12 12 00	0.1
N_ED	2005 02 12 12 05	0.1
N_ED	2005 02 12 12 10	0.1
N_ED	2005 02 12 12 15	0.1
N_ED	2005 02 12 12 20	0.1
N_ED	2005 02 12 12 25	0.1
N_ED	2005 02 12 12 30	0.1
N_ED	2005 02 12 12 35	0.1
N_ED	2005 02 12 12 40	0.2
N_ED	2005 02 12 12 45	0.1
N_ED	2005 02 12 12 55	0.1
N_ED	2005 02 12 13 00	0.1
N_ED	2005 02 12 13 05	0.2
N_ED	2005 02 12 13 15	0.3
N_ED	2005 02 12 13 20	0.1
N_ED	2005 02 12 13 25	0.1
N_ED	2005 02 12 13 30	0.1
N_ED	2005 02 12 13 35	0.3
N_ED	2005 02 12 13 40	0.3
N_ED	2005 02 12 13 45	0.3
N_ED	2005 02 12 13 50	0.2
N_ED	2005 02 12 13 55	0.3
N_ED	2005 02 12 14 00	0.3
N_ED	2005 02 12 14 05	0.2
N_ED	2005 02 12 14 10	0.2
N_ED	2005 02 12 14 15	0.2
N_ED	2005 02 12 14 20	0.1
N_ED	2005 02 12 14 25	0.1
N_ED	2005 02 12 14 30	0.2
N_ED	2005 02 12 14 35	0.2
N_ED	2005 02 12 14 40	0.1
N_ED	2005 02 12 14 45	0.2
N_ED	2005 02 12 14 50	0.1
N_ED	2005 02 12 14 55	0.1
N_ED	2005 02 12 15 10	0.1
N_ED	2005 02 12 20 40	0.1
N_ED	2005 02 12 20 50	0.1
N_ED	2005 02 12 22 10	0.1
N_ED	2005 02 13 01 05	0.1
N_ED	2005 02 13 01 15	0.2
N_ED	2005 02 13 08 05	0.1
N_ED	2005 02 13 08 20	0.1
N_ED	2005 02 13 09 15	0.1
N_ED	2005 02 13 20 55	0.1
N_ED	2005 02 13 21 00	0.1
N_ED	2005 02 13 21 20	0.1
N_ED	2005 02 13 23 50	0.2
N_ED	2005 02 14 01 05	0.1
N_ED	2005 02 14 01 20	0.1
N_ED	2005 02 14 01 30	0.1
N_ED	2005 02 14 01 50	0.1
N_ED	2005 02 14 02 50	0.1
N_ED	2005 02 14 03 05	0.1
N_ED	2005 02 14 05 35	0.1
N_ED	2005 02 14 06 05	0.1
N_ED	2005 02 14 08 50	0.1
N_ED	2005 02 14 11 15	0.1
N_ED	2005 02 14 13 20	0.1
N_ED	2005 02 16 02 50	0.1
N_ED	2005 02 16 04 00	0.1
N_ED	2005 02 16 04 10	0.1
N_ED	2005 02 16 04 20	0.1
N_ED	2005 02 16 04 40	0.1
N_ED	2005 02 16 04 50	0.1
N_ED	2005 02 16 05 10	0.1
N_ED	2005 02 16 05 25	0.1
N_ED	2005 02 16 05 35	0.1
N_ED	2005 02 16 05 45	0.1
N_ED	2005 02 16 06 30	0.1
N_ED	2005 02 16 08 30	0.1
N_ED	2005 02 16 08 45	0.1
N_ED	2005 02 16 08 55	0.1
N_ED	2005 02 16 09 10	0.1
N_ED	2005 02 16 09 15	0.1
N_ED	2005 02 16 09 30	0.1
N_ED	2005 02 16 09 40	0.1
N_ED	2005 02 16 09 45	0.1
N_ED	2005 02 16 09 55	0.1
N_ED	2005 02 16 10 05	0.1
N_ED	2005 02 16 10 10	0.1
N_ED	2005 02 16 10 15	0.1
N_ED	2005 02 16 10 20	0.1
N_ED	2005 02 16 10 25	0.1
N_ED	2005 02 16 10 35	0.1
N_ED	2005 02 16 10 45	0.1
N_ED	2005 02 16 10 55	0.1
N_ED	2005 02 16 11 05	0.1
N_ED	2005 02 16 11 15	0.1
N_ED	2005 02 16 11 25	0.1
N_ED	2005 02 16 11 30	0.1
N_ED	2005 02 16 11 40	0.1
N_ED	2005 02 16 11 45	0.1
N_ED	2005 02 16 11 55	0.1
N_ED	2005 02 16 12 00	0.1
N_ED	2005 02 16 12 10	0.1
N_ED	2005 02 16 12 20	0.1
N_ED	2005 02 16 12 40	0.1
N_ED	2005 02 16 12 50	0.1
N_ED	2005 02 16 13 00	0.1
N_ED	2005 02 16 13 05	0.1
N_ED	2005 02 16 13 20	0.1
N_ED	2005 02 16 13 40	0.1
N_ED	2005 02 16 14 35	0.1
N_ED	2005 02 16 15 00	0.1
N_ED	2005 02 16 16 55	0.1
N_ED	2005 02 17 05 50	0.1
N_ED	2005 02 17 08 25	0.1
N_ED	2005 02 17 09 05	0.1
N_ED	2005 02 17 12 45	0.1
N_ED	2005 02 17 14 40	0.1
N_ED	2005 02 19 17 25	0.1
N_ED	2005 02 19 17 50	0.1
N_ED	2005 02 19 18 30	0.1
N_ED	2005 02 20 06 40	0.1
N_ED	2005 02 22 12 55	0.1
N_ED	2005 02 22 13 05	0.1
N_ED	2005 02 22 13 15	0.1
N_ED	2005 02 22 13 25	0.1
N_ED	2005 02 22 13 30	0.1
N_ED	2005 02 22 13 35	0.2
N_ED	2005 02 22 13 45	0.1
N_ED	2005 02 22 14 00	0.1
N_ED	2005 02 22 14 05	0.1
N_ED	2005 02 22 14 15	0.1
N_ED	2005 02 22 14 20	0.1
N_ED	2005 02 22 14 30	0.1
N_ED	2005 02 22 14 35	0.1
N_ED	2005 02 22 14 40	0.1
N_ED	2005 02 22 15 00	0.1
N_ED	2005 02 22 15 20	0.1
N_ED	2005 02 22 15 30	0.1
N_ED	2005 02 22 17 40	0.1
N_ED	2005 02 22 18 35	0.1
N_ED	2005 02 23 08 40	0.1
N_ED	2005 02 24 23 45	0.1
N_ED	2005 02 25 00 50	0.1
N_ED	2005 02 25 01 15	0.1
N_ED	2005 02 25 01 35	0.1
N_ED	2005 02 25 01 50	0.1
N_ED	2005 02 25 02 05	0.1
N_ED	2005 02 25 02 25	0.1
N_ED	2005 02 25 02 40	0.1
N_ED	2005 02 25 03 00	0.1
N_ED	2005 02 25 03 15	0.1
N_ED	2005 02 25 03 40	0.1
N_ED	2005 02 25 07 10	0.1
N_ED	2005 02 25 07 45	0.1
N_ED	2005 02 25 07 55	0.1
N_ED	2005 02 25 08 15	0.1
N_ED	2005 02 25 08 35	0.1
N_ED	2005 02 25 09 25	0.1
N_ED	2005 02 25 23 10	0.1
N_ED	2005 02 26 01 00	0.1
N_ED	2005 02 26 08 40	0.1
N_ED	2005 02 26 10 25	0.1
N_ED	2005 02 26 12 30	0.1
N_ED	2005 02 26 12 50	0.1
N_ED	2005 02 26 15 10	0.1
N_ED	2005 02 26 15 30	0.1
N_ED	2005 02 26 16 00	0.1
N_ED	2005 02 26 16 30	0.1
N_ED	2005 02 26 17 15	0.1
N_ED	2005 02 26 17 25	0.1
N_ED	2005 02 26 17 50	0.1
N_ED	2005 02 26 18 20	0.1
N_ED	2005 02 26 18 35	0.1
N_ED	2005 02 26 18 40	0.1
N_ED	2005 02 26 18 45	0.2
N_ED	2005 02 26 18 50	0.1
N_ED	2005 02 26 19 00	0.1
N_ED	2005 02 26 19 10	0.1
N_ED	2005 02 26 19 30	0.1
N_ED	2005 02 26 20 10	0.1
N_ED	2005 02 26 20 40	0.1
N_ED	2005 02 26 21 15	0.1
N_ED	2005 02 26 21 20	0.1
N_ED	2005 02 26 21 25	0.1
N_ED	2005 02 26 21 40	0.1
N_ED	2005 02 26 22 10	0.1
N_ED	2005 02 27 03 05	0.1
N_ED	2005 02 27 13 55	0.1
N_ED	2005 02 27 14 20	0.1
N_ED	2005 02 27 14 50	0.1
N_ED	2005 02 27 14 55	0.1
N_ED	2005 02 27 15 20	0.1
N_ED	2005 03 01 09 50	0.1
N_ED	2005 03 01 09 55	0.2
N_ED	2005 03 01 10 00	0.3
N_ED	2005 03 01 12 10	0.1
N_ED	2005 03 06 07 05	0.1
N_ED	2005 03 06 07 50	0.1
N_ED	2005 03 06 08 05	0.1
N_ED	2005 03 06 09 05	0.1
N_ED	2005 03 06 13 10	0.1
N_ED	2005 03 06 14 05	0.1
N_ED	2005 03 06 14 25	0.1
N_ED	2005 03 06 14 40	0.1
N_ED	2005 03 06 16 25	0.1
N_ED	2005 03 07 00 00	0.1
N_ED	2005 03 09 08 15	0.1
N_ED	2005 03 09 08 20	0.1
N_ED	2005 03 09 08 30	0.1
N_ED	2005 03 09 08 35	0.1
N_ED	2005 03 09 08 40	0.1
N_ED	2005 03 09 08 45	0.1
N_ED	2005 03 09 08 55	0.1
N_ED	2005 03 09 09 00	0.1
N_ED	2005 03 09 15 40	0.1
N_ED	2005 03 09 18 45	0.1
N_ED	2005 03 09 18 50	0.1
N_ED	2005 03 09 18 55	0.5
N_ED	2005 03 09 19 00	0.3
N_ED	2005 03 09 19 05	0.2
N_ED	2005 03 09 19 15	0.1
N_ED	2005 03 09 20 50	0.1
N_ED	2005 03 11 19 50	0.1
N_ED	2005 03 11 22 05	0.2
N_ED	2005 03 11 22 20	0.6
N_ED	2005 03 11 22 25	0.4
N_ED	2005 03 11 22 30	0.3
N_ED	2005 03 11 22 35	0.3
N_ED	2005 03 11 22 40	0.2
N_ED	2005 03 11 22 45	0.1
N_ED	2005 03 11 22 50	0.1
N_ED	2005 03 11 22 55	0.2
N_ED	2005 03 11 23 00	0.2
N_ED	2005 03 11 23 05	0.1
N_ED	2005 03 11 23 10	0.2
N_ED	2005 03 11 23 15	0.1
N_ED	2005 03 11 23 20	0.3
N_ED	2005 03 11 23 25	0.1
N_ED	2005 03 11 23 30	0.3
N_ED	2005 03 11 23 35	0.3
N_ED	2005 03 11 23 40	0.3
N_ED	2005 03 11 23 45	0.1
N_ED	2005 03 11 23 50	0.1
N_ED	2005 03 11 23 55	0.2
N_ED	2005 03 12 00 00	0.1
N_ED	2005 03 12 00 05	0.2
N_ED	2005 03 12 00 10	0.2
N_ED	2005 03 12 00 15	0.2
N_ED	2005 03 12 00 20	0.2
N_ED	2005 03 12 00 25	0.7
N_ED	2005 03 12 00 30	0.4
N_ED	2005 03 12 00 35	0.4
N_ED	2005 03 12 00 40	0.1
N_ED	2005 03 12 00 45	0.1
N_ED	2005 03 12 00 50	0.1
N_ED	2005 03 12 07 50	0.1
N_ED	2005 03 12 21 50	0.1
N_ED	2005 03 12 22 00	0.1
N_ED	2005 03 12 22 05	0.1
N_ED	2005 03 12 22 20	0.2
N_ED	2005 03 12 22 25	0.2
N_ED	2005 03 12 22 30	0.1
N_ED	2005 03 12 22 35	0.1
N_ED	2005 03 12 22 45	0.1
N_ED	2005 03 12 23 05	0.1
N_ED	2005 03 12 23 15	0.1
N_ED	2005 03 12 23 20	0.2
N_ED	2005 03 12 23 30	0.1
N_ED	2005 03 12 23 40	0.1
N_ED	2005 03 12 23 50	0.1
N_ED	2005 03 13 00 30	0.1
N_ED	2005 03 13 02 20	0.1
N_ED	2005 03 13 02 40	0.1
N_ED	2005 03 13 02 45	0.1
N_ED	2005 03 13 03 05	0.1
N_ED	2005 03 13 03 10	0.1
N_ED	2005 03 13 03 40	0.1
N_ED	2005 03 13 03 50	0.1
N_ED	2005 03 13 04 00	0.1
N_ED	2005 03 13 09 35	0.1
N_ED	2005 03 17 17 45	0.1
N_ED	2005 03 17 19 25	0.1
N_ED	2005 03 17 21 55	0.1
N_ED	2005 03 18 02 55	0.1
N_ED	2005 03 18 04 35	0.1
N_ED	2005 03 18 06 00	0.1
N_ED	2005 03 18 06 20	0.1
N_ED	2005 03 18 07 40	0.1
N_ED	2005 03 18 07 50	0.1
N_ED	2005 03 18 10 00	0.1
N_ED	2005 03 18 16 30	0.2
N_ED	2005 03 18 16 35	0.3
N_ED	2005 03 18 16 40	0.1
N_ED	2005 03 18 16 45	0.1
N_ED	2005 03 18 16 50	0.1
N_ED	2005 03 18 16 55	0.2
N_ED	2005 03 18 17 00	0.2
N_ED	2005 03 18 17 05	0.2
N_ED	2005 03 18 17 10	0.1
N_ED	2005 03 18 17 30	0.1
N_ED	2005 03 18 18 15	0.1
N_ED	2005 03 18 19 20	0.1
N_ED	2005 03 18 23 30	0.1
N_ED	2005 03 18 23 50	0.1
N_ED	2005 03 19 00 00	0.1
N_ED	2005 03 19 00 05	0.1
N_ED	2005 03 19 00 15	0.1
N_ED	2005 03 19 00 25	0.1
N_ED	2005 03 19 00 35	0.1
N_ED	2005 03 19 00 45	0.1
N_ED	2005 03 19 00 55	0.1
N_ED	2005 03 19 01 00	0.1
N_ED	2005 03 19 01 10	0.1
N_ED	2005 03 19 01 15	0.1
N_ED	2005 03 19 01 25	0.1
N_ED	2005 03 19 01 30	0.1
N_ED	2005 03 19 01 35	0.1
N_ED	2005 03 19 01 40	0.1
N_ED	2005 03 19 01 45	0.2
N_ED	2005 03 19 01 50	0.2
N_ED	2005 03 19 01 55	0.2
N_ED	2005 03 19 02 00	0.1
N_ED	2005 03 19 02 05	0.1
N_ED	2005 03 19 02 10	0.2
N_ED	2005 03 19 02 15	0.1
N_ED	2005 03 19 02 20	0.1
N_ED	2005 03 19 02 25	0.2
N_ED	2005 03 19 02 30	0.2
N_ED	2005 03 19 02 40	0.2
N_ED	2005 03 19 02 45	0.2
N_ED	2005 03 19 02 50	0.2
N_ED	2005 03 19 03 00	0.1
N_ED	2005 03 19 03 05	0.1
N_ED	2005 03 19 03 10	0.1
N_ED	2005 03 19 03 15	0.1
N_ED	2005 03 19 03 30	0.1
N_ED	2005 03 19 03 35	0.2
N_ED	2005 03 19 03 40	0.2
N_ED	2005 03 19 03 50	0.1
N_ED	2005 03 19 04 20	0.1
N_ED	2005 03 19 04 40	0.1
N_ED	2005 03 19 04 55	0.1
N_ED	2005 03 19 05 10	0.1
N_ED	2005 03 19 06 50	0.1
N_ED	2005 03 19 07 45	0.1
N_ED	2005 03 19 13 10	0.1
N_ED	2005 03 26 02 55	0.1
N_ED	2005 03 26 03 20	0.1
N_ED	2005 03 26 03 35	0.1
N_ED	2005 03 26 05 25	0.1
N_ED	2005 03 26 05 30	0.1
N_ED	2005 03 26 05 45	0.1
N_ED	2005 03 26 05 55	0.1
N_ED	2005 03 26 06 10	0.1
N_ED	2005 03 26 06 15	0.1
N_ED	2005 03 26 06 25	0.1
N_ED	2005 03 26 06 30	0.1
N_ED	2005 03 26 06 40	0.1
N_ED	2005 03 26 06 45	0.1
N_ED	2005 03 26 06 50	0.1
N_ED	2005 03 26 07 00	0.1
N_ED	2005 03 26 07 05	0.1
N_ED	2005 03 26 07 10	0.1
N_ED	2005 03 26 07 15	0.1
N_ED	2005 03 26 07 20	0.1
N_ED	2005 03 26 07 25	0.2
N_ED	2005 03 26 07 30	0.1
N_ED	2005 03 26 07 40	0.1
N_ED	2005 03 26 07 50	0.1
N_ED	2005 03 26 08 20	0.1
N_ED	2005 03 26 08 35	0.1
N_ED	2005 03 26 08 45	0.1
N_ED	2005 03 26 08 55	0.2
N_ED	2005 03 26 09 05	0.1
N_ED	2005 03 26 09 10	0.1
N_ED	2005 03 26 09 40	0.1
N_ED	2005 03 26 10 25	0.1
N_ED	2005 03 26 10 55	0.1
N_ED	2005 03 26 11 35	0.1
N_ED	2005 03 26 11 40	0.1
N_ED	2005 03 26 11 45	0.1
N_ED	2005 03 26 12 05	0.1
N_ED	2005 03 26 12 15	0.1
N_ED	2005 03 26 12 20	0.1
N_ED	2005 03 26 12 35	0.1
N_ED	2005 03 27 05 40	0.1
N_ED	2005 04 05 19 50	0.1
N_ED	2005 04 05 20 10	0.1
N_ED	2005 04 06 22 30	0.1
N_ED	2005 04 06 22 35	0.1
N_ED	2005 04 06 22 45	0.1
N_ED	2005 04 06 23 10	0.1
N_ED	2005 04 06 23 15	0.1
N_ED	2005 04 06 23 30	0.1
N_ED	2005 04 06 23 35	0.1
N_ED	2005 04 06 23 50	0.1
N_ED	2005 04 07 00 00	0.1
N_ED	2005 04 07 17 10	0.2
N_ED	2005 04 07 17 15	0.6
N_ED	2005 04 07 17 25	0.1
N_ED	2005 04 08 03 40	0.1
N_ED	2005 04 08 13 25	0.1
N_ED	2005 04 08 13 35	0.1
N_ED	2005 04 09 02 15	0.1
N_ED	2005 04 09 02 50	0.1
N_ED	2005 04 09 03 20	0.1
N_ED	2005 04 09 09 45	0.1
N_ED	2005 04 09 12 40	0.1
N_ED	2005 04 09 12 55	0.1
N_ED	2005 04 09 13 15	0.1
N_ED	2005 04 09 13 20	0.1
N_ED	2005 04 09 13 30	0.4
N_ED	2005 04 09 13 35	0.3
N_ED	2005 04 09 13 40	0.1
N_ED	2005 04 09 13 50	0.1
N_ED	2005 04 09 13 55	0.2
N_ED	2005 04 09 14 00	0.2
N_ED	2005 04 09 14 05	0.1
N_ED	2005 04 09 14 15	0.1
N_ED	2005 04 09 15 30	0.1
N_ED	2005 04 09 15 40	0.1
N_ED	2005 04 09 15 50	0.1
N_ED	2005 04 09 15 55	0.1
N_ED	2005 04 09 16 05	0.1
N_ED	2005 04 09 16 15	0.1
N_ED	2005 04 09 16 25	0.1
N_ED	2005 04 09 16 35	0.1
N_ED	2005 04 09 16 40	0.1
N_ED	2005 04 09 16 45	0.2
N_ED	2005 04 09 16 50	0.1
N_ED	2005 04 09 16 55	0.1
N_ED	2005 04 09 17 00	0.1
N_ED	2005 04 09 17 05	0.1
N_ED	2005 04 09 17 10	0.1
N_ED	2005 04 09 17 15	0.1
N_ED	2005 04 09 17 20	0.1
N_ED	2005 04 09 17 25	0.1
N_ED	2005 04 09 17 30	0.1
N_ED	2005 04 09 17 35	0.1
N_ED	2005 04 09 17 40	0.1
N_ED	2005 04 09 17 45	0.1
N_ED	2005 04 09 17 50	0.1
N_ED	2005 04 09 17 55	0.1
N_ED	2005 04 09 18 00	0.1
N_ED	2005 04 09 18 05	0.2
N_ED	2005 04 09 18 10	0.1
N_ED	2005 04 09 18 15	0.1
N_ED	2005 04 09 18 20	0.1
N_ED	2005 04 09 18 25	0.1
N_ED	2005 04 09 18 30	0.1
N_ED	2005 04 09 18 40	0.1
N_ED	2005 04 09 18 45	0.1
N_ED	2005 04 09 18 50	0.1
N_ED	2005 04 09 18 55	0.1
N_ED	2005 04 09 19 05	0.1
N_ED	2005 04 09 19 10	0.1
N_ED	2005 04 09 19 20	0.1
N_ED	2005 04 09 19 30	0.1
N_ED	2005 04 09 19 40	0.1
N_ED	2005 04 09 19 45	0.1
N_ED	2005 04 09 19 55	0.1
N_ED	2005 04 09 20 00	0.1
N_ED	2005 04 09 20 10	0.1
N_ED	2005 04 09 20 15	0.1
N_ED	2005 04 09 20 20	0.1
N_ED	2005 04 09 20 25	0.1
N_ED	2005 04 09 20 45	0.1
N_ED	2005 04 09 21 00	0.1
N_ED	2005 04 09 21 10	0.1
N_ED	2005 04 09 21 20	0.1
N_ED	2005 04 09 21 35	0.1
N_ED	2005 04 09 22 00	0.1
N_ED	2005 04 09 22 35	0.1
N_ED	2005 04 09 23 05	0.1
N_ED	2005 04 09 23 20	0.1
N_ED	2005 04 09 23 30	0.1
N_ED	2005 04 09 23 40	0.1
N_ED	2005 04 09 23 55	0.1
N_ED	2005 04 10 00 05	0.1
N_ED	2005 04 10 00 20	0.1
N_ED	2005 04 10 00 30	0.1
N_ED	2005 04 10 00 40	0.1
N_ED	2005 04 10 00 55	0.1
N_ED	2005 04 10 01 10	0.1
N_ED	2005 04 24 12 35	0.2
N_ED	2005 04 25 12 00	0.1
N_ED	2005 04 25 14 00	0.2
N_ED	2005 04 25 14 05	0.2
N_ED	2005 04 25 14 10	0.1
N_ED	2005 04 25 14 15	0.2
N_ED	2005 04 25 14 20	0.2
N_ED	2005 04 25 14 25	0.1
N_ED	2005 04 25 14 35	0.1
N_ED	2005 04 25 14 40	0.1
N_ED	2005 04 25 14 50	0.1
N_ED	2005 04 25 15 05	0.1
N_ED	2005 04 25 15 20	0.1
N_ED	2005 04 25 15 35	0.1
N_ED	2005 04 25 15 40	0.1
N_ED	2005 04 25 16 00	0.1
N_ED	2005 04 25 16 15	0.1
N_ED	2005 04 25 16 40	0.1
N_ED	2005 04 27 08 35	0.1
N_ED	2005 04 27 08 45	0.1
N_ED	2005 04 27 08 50	0.1
N_ED	2005 04 27 09 00	0.1
N_ED	2005 04 27 09 15	0.1
N_ED	2005 04 27 10 05	0.1
N_ED	2005 04 27 10 15	0.1
N_ED	2005 04 27 10 20	0.1
N_ED	2005 04 27 10 30	0.1
N_ED	2005 04 27 10 35	0.1
N_ED	2005 04 27 10 50	0.1
N_ED	2005 04 27 10 55	0.1
N_ED	2005 04 27 11 05	0.1
N_ED	2005 04 27 11 25	0.1
N_ED	2005 04 27 12 25	0.2
N_ED	2005 04 27 13 15	0.1
N_ED	2005 04 27 13 35	0.1
N_ED	2005 04 27 13 40	0.5
N_ED	2005 04 27 13 45	0.2
N_ED	2005 04 27 15 35	0.1
N_ED	2005 04 27 16 00	0.1
N_ED	2005 04 27 22 15	0.2
N_ED	2005 04 27 22 20	1
N_ED	2005 04 27 22 25	0.8
N_ED	2005 04 27 22 30	0.8
N_ED	2005 04 27 22 35	0.1
N_ED	2005 04 27 22 45	0.1
N_ED	2005 04 27 23 35	0.1
N_ED	2005 04 27 23 50	0.1
N_ED	2005 04 28 00 10	0.1
N_ED	2005 04 28 00 15	0.1
N_ED	2005 04 28 07 00	0.1
N_ED	2005 05 03 12 40	0.1
N_ED	2005 05 03 12 45	0.1
N_ED	2005 05 03 12 55	0.1
N_ED	2005 05 03 13 05	0.1
N_ED	2005 05 03 13 55	0.1
N_ED	2005 05 03 14 10	0.1
N_ED	2005 05 04 01 00	0.1
N_ED	2005 05 04 01 15	0.1
N_ED	2005 05 04 15 25	0.1
N_ED	2005 05 04 15 30	0.1
N_ED	2005 05 04 18 45	0.1
N_ED	2005 05 04 19 10	0.1
N_ED	2005 05 06 04 10	0.1
N_ED	2005 05 06 04 30	0.1
N_ED	2005 05 06 04 50	0.1
N_ED	2005 05 06 05 00	0.1
N_ED	2005 05 06 06 25	0.1
N_ED	2005 05 06 08 45	0.1
N_ED	2005 05 06 08 55	0.1
N_ED	2005 05 06 09 45	0.1
N_ED	2005 05 06 10 40	0.1
N_ED	2005 05 06 10 50	0.1
N_ED	2005 05 06 11 20	0.1
N_ED	2005 05 06 12 05	0.1
N_ED	2005 05 06 12 35	0.1
N_ED	2005 05 06 12 50	0.1
N_ED	2005 05 06 16 20	1.1
N_ED	2005 05 06 16 25	0.6
N_ED	2005 05 06 16 30	0.1
N_ED	2005 05 06 16 40	0.1
N_ED	2005 05 06 16 45	0.2
N_ED	2005 05 06 16 55	0.1
N_ED	2005 05 06 17 50	0.2
N_ED	2005 05 06 17 55	0.1
N_ED	2005 05 06 22 30	0.1
N_ED	2005 05 06 22 40	0.1
N_ED	2005 05 06 22 45	0.1
N_ED	2005 05 07 01 20	0.1
N_ED	2005 05 07 01 40	0.1
N_ED	2005 05 07 02 40	0.1
N_ED	2005 05 07 05 25	0.2
N_ED	2005 05 07 05 30	0.3
N_ED	2005 05 07 05 35	0.4
N_ED	2005 05 07 05 40	0.1
N_ED	2005 05 07 05 55	0.1
N_ED	2005 05 07 10 25	0.2
N_ED	2005 05 07 10 35	0.1
N_ED	2005 05 07 15 25	0.1
N_ED	2005 05 07 15 40	0.1
N_ED	2005 05 07 21 40	0.4
N_ED	2005 05 07 21 45	0.1
N_ED	2005 05 07 22 10	0.1
N_ED	2005 05 07 22 45	0.1
N_ED	2005 05 07 23 00	0.2
N_ED	2005 05 07 23 05	0.4
N_ED	2005 05 07 23 10	0.4
N_ED	2005 05 07 23 15	0.4
N_ED	2005 05 07 23 20	0.3
N_ED	2005 05 07 23 25	0.1
N_ED	2005 05 07 23 30	0.1
N_ED	2005 05 07 23 35	0.1
N_ED	2005 05 07 23 45	0.1
N_ED	2005 05 07 23 50	0.2
N_ED	2005 05 07 23 55	0.2
N_ED	2005 05 08 00 00	0.2
N_ED	2005 05 08 00 05	0.3
N_ED	2005 05 08 00 10	0.3
N_ED	2005 05 08 00 15	0.4
N_ED	2005 05 08 00 20	0.4
N_ED	2005 05 08 00 25	0.5
N_ED	2005 05 08 00 30	0.3
N_ED	2005 05 08 00 35	0.3
N_ED	2005 05 08 00 40	0.3
N_ED	2005 05 08 00 45	0.4
N_ED	2005 05 08 00 50	0.3
N_ED	2005 05 08 00 55	0.3
N_ED	2005 05 08 01 00	0.3
N_ED	2005 05 08 01 05	0.3
N_ED	2005 05 08 01 10	0.3
N_ED	2005 05 08 01 15	0.3
N_ED	2005 05 08 01 20	0.2
N_ED	2005 05 08 01 25	0.2
N_ED	2005 05 08 01 30	0.2
N_ED	2005 05 08 01 35	0.2
N_ED	2005 05 08 01 40	0.3
N_ED	2005 05 08 01 45	0.2
N_ED	2005 05 08 01 50	0.2
N_ED	2005 05 08 01 55	0.1
N_ED	2005 05 08 02 00	0.3
N_ED	2005 05 08 02 05	0.2
N_ED	2005 05 08 02 10	0.2
N_ED	2005 05 08 02 15	0.2
N_ED	2005 05 08 02 20	0.3
N_ED	2005 05 08 02 25	0.2
N_ED	2005 05 08 02 30	0.1
N_ED	2005 05 08 02 35	0.1
N_ED	2005 05 08 02 40	0.1
N_ED	2005 05 08 02 45	0.3
N_ED	2005 05 08 02 50	0.3
N_ED	2005 05 08 02 55	0.4
N_ED	2005 05 08 03 00	0.3
N_ED	2005 05 08 03 05	0.3
N_ED	2005 05 08 03 10	0.2
N_ED	2005 05 08 03 15	0.2
N_ED	2005 05 08 03 20	0.2
N_ED	2005 05 08 03 25	0.2
N_ED	2005 05 08 03 30	0.3
N_ED	2005 05 08 03 35	0.2
N_ED	2005 05 08 03 40	0.2
N_ED	2005 05 08 03 45	0.3
N_ED	2005 05 08 03 50	0.3
N_ED	2005 05 08 03 55	0.4
N_ED	2005 05 08 04 00	0.4
N_ED	2005 05 08 04 05	0.4
N_ED	2005 05 08 04 10	0.3
N_ED	2005 05 08 04 15	0.3
N_ED	2005 05 08 04 20	0.3
N_ED	2005 05 08 04 25	0.2
N_ED	2005 05 08 04 30	0.2
N_ED	2005 05 08 04 35	0.2
N_ED	2005 05 08 04 40	0.3
N_ED	2005 05 08 04 45	0.1
N_ED	2005 05 08 04 50	0.2
N_ED	2005 05 08 04 55	0.2
N_ED	2005 05 08 05 00	0.1
N_ED	2005 05 08 05 05	0.2
N_ED	2005 05 08 05 10	0.4
N_ED	2005 05 08 05 15	0.1
N_ED	2005 05 08 05 20	0.1
N_ED	2005 05 08 05 25	0.1
N_ED	2005 05 08 05 30	0.2
N_ED	2005 05 08 05 35	0.2
N_ED	2005 05 08 05 40	0.2
N_ED	2005 05 08 05 45	0.1
N_ED	2005 05 08 05 50	0.2
N_ED	2005 05 08 05 55	0.1
N_ED	2005 05 08 06 10	0.1
N_ED	2005 05 08 06 25	0.1
N_ED	2005 05 08 06 50	0.1
N_ED	2005 05 08 14 00	0.1
N_ED	2005 05 08 16 40	0.1
N_ED	2005 05 08 21 00	0.1
N_ED	2005 05 08 21 05	0.1
N_ED	2005 05 08 21 10	0.2
N_ED	2005 05 08 21 15	0.1
N_ED	2005 05 08 21 20	0.1
N_ED	2005 05 08 21 25	0.2
N_ED	2005 05 08 21 30	0.1
N_ED	2005 05 08 21 35	0.1
N_ED	2005 05 08 21 40	0.1
N_ED	2005 05 08 21 45	0.1
N_ED	2005 05 08 21 50	0.1
N_ED	2005 05 08 22 15	0.1
N_ED	2005 05 08 22 30	0.1
N_ED	2005 05 09 01 05	0.1
N_ED	2005 05 09 01 10	0.1
N_ED	2005 05 09 04 30	0.1
N_ED	2005 05 09 08 20	0.1
N_ED	2005 05 09 09 55	0.1
N_ED	2005 05 09 10 00	0.1
N_ED	2005 05 09 10 10	0.1
N_ED	2005 05 09 10 15	0.2
N_ED	2005 05 09 11 15	0.3
N_ED	2005 05 09 11 20	0.7
N_ED	2005 05 11 05 00	0.1
N_ED	2005 05 11 05 25	0.1
N_ED	2005 05 11 05 30	0.3
N_ED	2005 05 11 05 35	0.4
N_ED	2005 05 11 05 40	0.6
N_ED	2005 05 11 05 45	0.5
N_ED	2005 05 11 05 50	0.5
N_ED	2005 05 11 05 55	0.4
N_ED	2005 05 11 06 00	0.1
N_ED	2005 05 11 06 10	0.2
N_ED	2005 05 11 06 15	0.1
N_ED	2005 05 11 06 20	0.1
N_ED	2005 05 11 07 05	0.1
N_ED	2005 05 11 10 00	0.1
N_ED	2005 05 11 10 10	0.1
N_ED	2005 05 11 10 15	0.1
N_ED	2005 05 11 10 20	0.1
N_ED	2005 05 11 10 25	0.1
N_ED	2005 05 11 10 35	0.1
N_ED	2005 05 11 11 35	0.1
N_ED	2005 05 11 11 45	0.1
N_ED	2005 05 11 12 00	0.2
N_ED	2005 05 11 12 05	0.3
N_ED	2005 05 11 16 30	0.1
N_ED	2005 05 11 16 35	0.1
N_ED	2005 05 11 21 20	0.1
N_ED	2005 05 12 12 00	0.1
N_ED	2005 05 14 14 45	0.1
N_ED	2005 05 14 15 35	0.1
N_ED	2005 05 14 15 40	0.1
N_ED	2005 05 14 15 45	0.1
N_ED	2005 05 14 15 50	0.1
N_ED	2005 05 14 15 55	0.1
N_ED	2005 05 14 16 00	0.1
N_ED	2005 05 14 16 05	0.1
N_ED	2005 05 14 16 10	0.1
N_ED	2005 05 14 16 15	0.1
N_ED	2005 05 14 16 20	0.1
N_ED	2005 05 14 16 30	0.1
N_ED	2005 05 14 16 40	0.1
N_ED	2005 05 14 16 45	0.2
N_ED	2005 05 14 16 50	0.1
N_ED	2005 05 14 16 55	0.1
N_ED	2005 05 14 17 00	0.2
N_ED	2005 05 14 17 05	0.1
N_ED	2005 05 14 17 15	0.1
N_ED	2005 05 14 17 20	0.1
N_ED	2005 05 14 17 25	0.1
N_ED	2005 05 14 17 30	0.1
N_ED	2005 05 14 17 40	0.1
N_ED	2005 05 14 18 15	0.1
N_ED	2005 05 14 18 50	0.1
N_ED	2005 05 14 19 15	0.1
N_ED	2005 05 14 20 35	0.1
N_ED	2005 05 14 21 30	0.1
N_ED	2005 05 14 22 05	0.1
N_ED	2005 05 14 22 20	0.1
N_ED	2005 05 14 22 25	0.1
N_ED	2005 05 14 22 35	0.1
N_ED	2005 05 14 22 40	0.1
N_ED	2005 05 14 22 50	0.1
N_ED	2005 05 14 22 55	0.3
N_ED	2005 05 14 23 00	0.2
N_ED	2005 05 14 23 05	0.1
N_ED	2005 05 14 23 10	0.2
N_ED	2005 05 14 23 15	0.1
N_ED	2005 05 14 23 25	0.1
N_ED	2005 05 14 23 55	0.1
N_ED	2005 05 15 00 10	0.1
N_ED	2005 05 15 00 25	0.1
N_ED	2005 05 15 00 40	0.1
N_ED	2005 05 15 03 50	0.1
N_ED	2005 05 15 14 55	0.1
N_ED	2005 05 15 15 00	0.1
N_ED	2005 05 15 18 15	0.1
N_ED	2005 05 15 19 45	0.1
N_ED	2005 05 15 21 05	0.1
N_ED	2005 05 15 21 10	0.1
N_ED	2005 05 16 10 10	0.1
N_ED	2005 05 17 00 50	0.1
N_ED	2005 05 17 01 00	0.1
N_ED	2005 05 17 01 15	0.1
N_ED	2005 05 17 01 25	0.1
N_ED	2005 05 17 01 35	0.2
N_ED	2005 05 17 01 40	0.1
N_ED	2005 05 17 01 45	0.2
N_ED	2005 05 17 01 50	0.2
N_ED	2005 05 17 01 55	0.3
N_ED	2005 05 17 02 00	0.2
N_ED	2005 05 17 02 05	0.3
N_ED	2005 05 17 02 10	0.2
N_ED	2005 05 17 02 15	0.1
N_ED	2005 05 17 02 20	0.1
N_ED	2005 05 17 02 25	0.1
N_ED	2005 05 17 02 30	0.1
N_ED	2005 05 17 02 40	0.2
N_ED	2005 05 17 02 45	0.1
N_ED	2005 05 17 02 50	0.2
N_ED	2005 05 17 02 55	0.2
N_ED	2005 05 17 03 00	0.2
N_ED	2005 05 17 03 05	0.2
N_ED	2005 05 17 03 10	0.2
N_ED	2005 05 17 03 15	0.1
N_ED	2005 05 17 03 20	0.2
N_ED	2005 05 17 03 25	0.2
N_ED	2005 05 17 03 30	0.3
N_ED	2005 05 17 03 35	0.5
N_ED	2005 05 17 03 40	0.7
N_ED	2005 05 17 03 45	0.7
N_ED	2005 05 17 03 50	0.7
N_ED	2005 05 17 03 55	1
N_ED	2005 05 17 04 00	0.7
N_ED	2005 05 17 04 05	0.4
N_ED	2005 05 17 04 10	0.4
N_ED	2005 05 17 04 15	0.7
N_ED	2005 05 17 04 20	0.6
N_ED	2005 05 17 04 25	0.6
N_ED	2005 05 17 04 30	0.7
N_ED	2005 05 17 04 35	0.7
N_ED	2005 05 17 04 40	0.7
N_ED	2005 05 17 04 45	0.6
N_ED	2005 05 17 04 50	0.6
N_ED	2005 05 17 04 55	0.9
N_ED	2005 05 17 05 00	1.1
N_ED	2005 05 17 05 05	0.7
N_ED	2005 05 17 05 10	0.4
N_ED	2005 05 17 05 15	0.5
N_ED	2005 05 17 05 20	0.3
N_ED	2005 05 17 05 25	0.2
N_ED	2005 05 17 05 30	0.1
N_ED	2005 05 17 05 35	0.1
N_ED	2005 05 17 05 40	0.2
N_ED	2005 05 17 05 45	0.2
N_ED	2005 05 17 05 50	0.3
N_ED	2005 05 17 05 55	0.1
N_ED	2005 05 17 06 00	0.1
N_ED	2005 05 17 06 05	0.1
N_ED	2005 05 17 06 10	0.1
N_ED	2005 05 17 06 15	0.1
N_ED	2005 05 17 06 25	0.1
N_ED	2005 05 17 06 30	0.1
N_ED	2005 05 17 06 40	0.1
N_ED	2005 05 17 06 50	0.1
N_ED	2005 05 17 07 05	0.1
N_ED	2005 05 17 08 15	0.1
N_ED	2005 05 17 09 00	0.1
N_ED	2005 05 17 11 05	0.2
N_ED	2005 05 17 21 30	0.1
N_ED	2005 05 17 21 35	0.1
N_ED	2005 05 17 21 40	0.1
N_ED	2005 05 17 22 25	0.1
N_ED	2005 05 17 22 35	0.1
N_ED	2005 05 17 23 30	0.1
N_ED	2005 05 17 23 40	0.1
N_ED	2005 05 17 23 55	0.1
N_ED	2005 05 18 00 00	0.1
N_ED	2005 05 18 02 55	0.1
N_ED	2005 05 18 03 45	0.1
N_ED	2005 05 18 07 40	0.1
N_ED	2005 05 18 08 00	0.1
N_ED	2005 05 18 08 50	0.1
N_ED	2005 05 18 09 25	0.1
N_ED	2005 05 22 02 50	0.2
N_ED	2005 05 22 03 00	0.1
N_ED	2005 05 22 03 35	0.3
N_ED	2005 05 22 03 40	0.3
N_ED	2005 05 22 03 45	0.2
N_ED	2005 05 22 03 50	0.1
N_ED	2005 05 22 06 10	0.1
N_ED	2005 05 22 08 15	0.2
N_ED	2005 05 22 08 30	0.1
N_ED	2005 05 22 08 45	0.1
N_ED	2005 05 22 15 45	0.4
N_ED	2005 05 22 15 50	0.2
N_ED	2005 05 22 16 15	0.2
N_ED	2005 05 22 16 20	0.1
N_ED	2005 05 23 01 10	0.1
N_ED	2005 05 23 01 35	0.1
N_ED	2005 05 23 01 45	0.3
N_ED	2005 05 23 01 50	0.3
N_ED	2005 05 23 01 55	0.2
N_ED	2005 05 23 02 05	0.1
N_ED	2005 05 23 02 15	0.1
N_ED	2005 05 23 02 20	0.1
N_ED	2005 05 23 02 25	0.2
N_ED	2005 05 23 02 30	0.1
N_ED	2005 05 23 02 35	0.1
N_ED	2005 05 23 02 40	0.1
N_ED	2005 05 23 02 45	0.3
N_ED	2005 05 23 02 50	0.3
N_ED	2005 05 23 02 55	0.1
N_ED	2005 05 23 03 00	0.1
N_ED	2005 05 23 03 05	0.1
N_ED	2005 05 23 03 10	0.1
N_ED	2005 05 23 03 15	0.1
N_ED	2005 05 23 03 20	0.2
N_ED	2005 05 23 03 25	0.2
N_ED	2005 05 23 03 30	0.1
N_ED	2005 05 23 03 35	0.2
N_ED	2005 05 23 03 40	0.1
N_ED	2005 05 23 03 50	0.1
N_ED	2005 05 23 03 55	0.2
N_ED	2005 05 23 04 00	0.1
N_ED	2005 05 23 04 05	0.2
N_ED	2005 05 23 04 10	0.2
N_ED	2005 05 23 04 15	0.1
N_ED	2005 05 23 04 25	0.1
N_ED	2005 05 23 04 30	0.1
N_ED	2005 05 23 04 35	0.1
N_ED	2005 05 23 04 45	0.2
N_ED	2005 05 23 04 50	0.2
N_ED	2005 05 23 04 55	0.1
N_ED	2005 05 23 05 00	0.1
N_ED	2005 05 23 08 25	0.1
N_ED	2005 05 23 08 30	0.1
N_ED	2005 05 23 08 35	0.1
N_ED	2005 05 23 08 40	0.2
N_ED	2005 05 23 08 45	0.2
N_ED	2005 05 23 08 50	0.2
N_ED	2005 05 23 08 55	0.1
N_ED	2005 05 23 09 00	0.3
N_ED	2005 05 23 09 05	0.3
N_ED	2005 05 23 09 10	0.4
N_ED	2005 05 23 09 15	0.3
N_ED	2005 05 23 09 20	0.5
N_ED	2005 05 23 09 25	0.4
N_ED	2005 05 23 09 30	0.4
N_ED	2005 05 23 09 35	0.5
N_ED	2005 05 23 09 40	0.8
N_ED	2005 05 23 09 45	0.6
N_ED	2005 05 23 09 50	0.5
N_ED	2005 05 23 09 55	0.3
N_ED	2005 05 23 10 00	0.3
N_ED	2005 05 23 10 05	0.3
N_ED	2005 05 23 10 10	0.3
N_ED	2005 05 23 10 15	0.2
N_ED	2005 05 23 10 20	0.3
N_ED	2005 05 23 10 25	0.3
N_ED	2005 05 23 10 30	0.1
N_ED	2005 05 23 10 40	0.1
N_ED	2005 05 23 10 45	0.1
N_ED	2005 05 23 10 50	0.1
N_ED	2005 05 23 13 05	0.2
N_ED	2005 05 23 13 10	0.3
N_ED	2005 05 23 13 15	0.3
N_ED	2005 05 23 13 20	0.5
N_ED	2005 05 23 13 25	0.4
N_ED	2005 05 23 13 30	0.4
N_ED	2005 05 23 13 35	0.1
N_ED	2005 05 23 13 55	0.1
N_ED	2005 05 23 16 25	0.4
N_ED	2005 05 23 16 30	0.5
N_ED	2005 05 23 16 40	0.1
N_ED	2005 05 23 16 45	0.1
N_ED	2005 05 23 16 55	0.1
N_ED	2005 05 23 17 05	0.1
N_ED	2005 05 23 17 10	0.4
N_ED	2005 05 23 17 15	0.4
N_ED	2005 05 23 17 20	0.1
N_ED	2005 05 23 17 25	0.1
N_ED	2005 05 23 17 40	0.2
N_ED	2005 05 23 17 45	0.2
N_ED	2005 05 23 17 50	0.1
N_ED	2005 05 23 17 55	0.1
N_ED	2005 05 23 18 00	0.2
N_ED	2005 05 23 18 05	0.1
N_ED	2005 05 23 18 10	0.1
N_ED	2005 05 23 18 15	0.1
N_ED	2005 05 23 18 25	0.1
N_ED	2005 05 23 18 35	0.1
N_ED	2005 05 23 18 50	0.1
N_ED	2005 05 23 19 15	0.1
N_ED	2005 05 23 19 40	0.1
N_ED	2005 05 23 19 50	0.1
N_ED	2005 05 23 19 55	0.1
N_ED	2005 05 23 20 05	0.1
N_ED	2005 05 23 20 10	0.1
N_ED	2005 05 23 20 15	0.1
N_ED	2005 05 23 20 20	0.1
N_ED	2005 05 23 20 25	0.2
N_ED	2005 05 23 20 30	0.1
N_ED	2005 05 23 20 35	0.1
N_ED	2005 05 23 20 40	0.2
N_ED	2005 05 23 20 45	0.1
N_ED	2005 05 23 20 50	0.1
N_ED	2005 05 23 20 55	0.1
N_ED	2005 05 23 21 00	0.1
N_ED	2005 05 23 21 10	0.1
N_ED	2005 05 23 21 15	0.1
N_ED	2005 05 23 21 20	0.1
N_ED	2005 05 23 21 25	0.1
N_ED	2005 05 23 21 35	0.1
N_ED	2005 05 23 21 45	0.1
N_ED	2005 05 23 22 00	0.1
N_ED	2005 05 23 22 10	0.1
N_ED	2005 05 23 22 20	0.1
N_ED	2005 05 24 00 05	0.1
N_ED	2005 05 24 00 45	0.1
N_ED	2005 05 24 00 50	0.1
N_ED	2005 05 24 01 45	0.1
N_ED	2005 05 30 20 00	0.1
N_ED	2005 05 30 20 05	0.1
N_ED	2005 05 30 20 10	0.1
N_ED	2005 05 30 20 20	0.1
N_ED	2005 05 30 20 30	0.1
N_ED	2005 05 30 20 35	0.3
N_ED	2005 05 30 20 40	0.1
N_ED	2005 05 30 20 45	0.1
N_ED	2005 05 30 21 00	0.1
N_ED	2005 06 04 03 25	0.2
N_ED	2005 06 04 03 30	0.2
N_ED	2005 06 04 03 35	0.1
N_ED	2005 06 04 03 50	0.1
N_ED	2005 06 04 05 15	0.1
N_ED	2005 06 04 05 25	0.1
N_ED	2005 06 05 18 15	0.3
N_ED	2005 06 05 18 20	0.4
N_ED	2005 06 05 18 25	0.1
N_ED	2005 06 06 07 00	0.1
N_ED	2005 06 06 07 15	0.2
N_ED	2005 06 06 07 20	0.1
N_ED	2005 06 06 07 50	0.2
N_ED	2005 06 06 10 25	0.2
N_ED	2005 06 06 10 30	1.5
N_ED	2005 06 06 10 35	2.1
N_ED	2005 06 06 10 40	0.2
N_ED	2005 06 06 10 50	0.1
N_ED	2005 06 06 10 55	0.1
N_ED	2005 06 06 11 00	0.3
N_ED	2005 06 06 11 05	0.2
N_ED	2005 06 06 11 10	0.1
N_ED	2005 06 06 11 15	0.2
N_ED	2005 06 06 11 20	0.1
N_ED	2005 06 06 11 25	0.1
N_ED	2005 06 06 11 30	0.1
N_ED	2005 06 06 11 35	0.1
N_ED	2005 06 06 11 40	0.1
N_ED	2005 06 06 11 55	0.2
N_ED	2005 06 06 12 00	0.1
N_ED	2005 06 06 12 05	0.1
N_ED	2005 06 06 14 20	0.2
N_ED	2005 06 06 14 25	0.3
N_ED	2005 06 06 14 30	0.1
N_ED	2005 06 07 08 35	0.1
N_ED	2005 06 07 08 40	0.2
N_ED	2005 06 07 08 45	0.1
N_ED	2005 06 07 08 55	0.2
N_ED	2005 06 07 09 00	0.2
N_ED	2005 06 07 09 05	0.3
N_ED	2005 06 07 09 10	0.2
N_ED	2005 06 07 09 15	0.2
N_ED	2005 06 07 09 25	0.1
N_ED	2005 06 07 09 45	0.1
N_ED	2005 06 07 12 10	0.9
N_ED	2005 06 07 12 15	0.2
N_ED	2005 06 07 12 20	0.1
N_ED	2005 06 07 12 25	0.4
N_ED	2005 06 07 12 30	0.3
N_ED	2005 06 07 12 35	0.1
N_ED	2005 06 07 12 40	0.1
N_ED	2005 06 07 13 30	0.1
N_ED	2005 06 07 13 50	0.7
N_ED	2005 06 07 13 55	0.8
N_ED	2005 06 07 14 00	0.6
N_ED	2005 06 07 14 05	0.3
N_ED	2005 06 07 14 10	0.1
N_ED	2005 06 07 16 35	0.1
N_ED	2005 06 07 16 40	0.1
N_ED	2005 06 07 16 45	0.2
N_ED	2005 06 07 16 50	1
N_ED	2005 06 07 16 55	0.4
N_ED	2005 06 07 17 00	0.2
N_ED	2005 06 07 17 05	0.1
N_ED	2005 06 11 00 30	0.1
N_ED	2005 06 11 00 35	0.1
N_ED	2005 06 11 00 40	0.2
N_ED	2005 06 11 00 45	0.2
N_ED	2005 06 11 00 50	0.2
N_ED	2005 06 11 00 55	0.1
N_ED	2005 06 11 01 00	0.1
N_ED	2005 06 11 01 05	0.2
N_ED	2005 06 11 01 10	0.1
N_ED	2005 06 11 01 20	0.1
N_ED	2005 06 11 01 25	0.1
N_ED	2005 06 11 01 30	0.5
N_ED	2005 06 11 01 35	0.3
N_ED	2005 06 11 01 40	0.5
N_ED	2005 06 11 01 45	0.3
N_ED	2005 06 11 01 50	0.1
N_ED	2005 06 11 02 00	0.1
N_ED	2005 06 11 02 05	0.1
N_ED	2005 06 11 02 10	0.1
N_ED	2005 06 11 02 15	0.2
N_ED	2005 06 11 02 25	0.1
N_ED	2005 06 11 02 30	0.1
N_ED	2005 06 11 02 35	0.1
N_ED	2005 06 11 02 45	0.1
N_ED	2005 06 13 12 25	0.1
N_ED	2005 06 13 12 30	0.8
N_ED	2005 06 13 12 35	0.5
N_ED	2005 06 13 15 15	0.1
N_ED	2005 06 14 19 05	0.1
N_ED	2005 06 14 19 10	0.1
N_ED	2005 06 14 19 15	0.1
N_ED	2005 06 14 19 25	0.2
N_ED	2005 06 14 19 30	0.1
N_ED	2005 06 14 19 35	0.7
N_ED	2005 06 14 19 40	3
N_ED	2005 06 14 19 45	2.1
N_ED	2005 06 14 19 50	1.7
N_ED	2005 06 14 19 55	0.4
N_ED	2005 06 14 20 00	0.4
N_ED	2005 06 14 20 05	1.2
N_ED	2005 06 14 20 10	1.1
N_ED	2005 06 14 20 15	0.9
N_ED	2005 06 14 20 20	0.7
N_ED	2005 06 14 20 25	0.6
N_ED	2005 06 14 20 30	0.5
N_ED	2005 06 14 20 35	0.5
N_ED	2005 06 14 20 40	0.3
N_ED	2005 06 14 20 45	0.2
N_ED	2005 06 14 20 50	0.1
N_ED	2005 06 14 20 55	0.1
N_ED	2005 06 14 21 00	0.1
N_ED	2005 06 14 21 05	0.2
N_ED	2005 06 14 21 10	0.4
N_ED	2005 06 14 21 15	0.4
N_ED	2005 06 14 21 20	0.4
N_ED	2005 06 14 21 25	0.4
N_ED	2005 06 14 21 30	0.4
N_ED	2005 06 14 21 35	0.4
N_ED	2005 06 14 21 40	0.4
N_ED	2005 06 14 21 45	0.4
N_ED	2005 06 14 21 50	0.5
N_ED	2005 06 14 21 55	0.5
N_ED	2005 06 14 22 00	0.5
N_ED	2005 06 14 22 05	0.6
N_ED	2005 06 14 22 10	0.5
N_ED	2005 06 14 22 15	0.5
N_ED	2005 06 14 22 20	0.6
N_ED	2005 06 14 22 25	0.5
N_ED	2005 06 14 22 30	0.5
N_ED	2005 06 14 22 35	0.4
N_ED	2005 06 14 22 40	0.5
N_ED	2005 06 14 22 45	0.5
N_ED	2005 06 14 22 50	0.4
N_ED	2005 06 14 22 55	0.5
N_ED	2005 06 14 23 00	0.4
N_ED	2005 06 14 23 05	0.4
N_ED	2005 06 14 23 10	0.4
N_ED	2005 06 14 23 15	0.4
N_ED	2005 06 14 23 20	0.4
N_ED	2005 06 14 23 25	0.4
N_ED	2005 06 14 23 30	0.4
N_ED	2005 06 14 23 35	0.4
N_ED	2005 06 14 23 40	0.4
N_ED	2005 06 14 23 45	0.4
N_ED	2005 06 14 23 50	0.3
N_ED	2005 06 14 23 55	0.4
N_ED	2005 06 15 00 00	0.3
N_ED	2005 06 15 00 05	0.4
N_ED	2005 06 15 00 10	0.3
N_ED	2005 06 15 00 15	0.3
N_ED	2005 06 15 00 20	0.3
N_ED	2005 06 15 00 25	0.4
N_ED	2005 06 15 00 30	0.3
N_ED	2005 06 15 00 35	0.3
N_ED	2005 06 15 00 40	0.3
N_ED	2005 06 15 00 45	0.2
N_ED	2005 06 15 00 50	0.3
N_ED	2005 06 15 00 55	0.3
N_ED	2005 06 15 01 00	0.3
N_ED	2005 06 15 01 05	0.2
N_ED	2005 06 15 01 10	0.3
N_ED	2005 06 15 01 15	0.3
N_ED	2005 06 15 01 20	0.2
N_ED	2005 06 15 01 25	0.2
N_ED	2005 06 15 01 30	0.3
N_ED	2005 06 15 01 35	0.2
N_ED	2005 06 15 01 40	0.2
N_ED	2005 06 15 01 45	0.2
N_ED	2005 06 15 01 50	0.2
N_ED	2005 06 15 01 55	0.2
N_ED	2005 06 15 02 00	0.2
N_ED	2005 06 15 02 05	0.2
N_ED	2005 06 15 02 10	0.2
N_ED	2005 06 15 02 15	0.1
N_ED	2005 06 15 02 20	0.2
N_ED	2005 06 15 02 25	0.2
N_ED	2005 06 15 02 30	0.1
N_ED	2005 06 15 02 35	0.2
N_ED	2005 06 15 02 40	0.1
N_ED	2005 06 15 02 45	0.2
N_ED	2005 06 15 02 50	0.2
N_ED	2005 06 15 02 55	0.2
N_ED	2005 06 15 03 00	0.1
N_ED	2005 06 15 03 05	0.2
N_ED	2005 06 15 03 10	0.2
N_ED	2005 06 15 03 15	0.1
N_ED	2005 06 15 03 20	0.2
N_ED	2005 06 15 03 25	0.1
N_ED	2005 06 15 03 30	0.1
N_ED	2005 06 15 03 35	0.2
N_ED	2005 06 15 03 40	0.1
N_ED	2005 06 15 03 45	0.1
N_ED	2005 06 15 13 15	0.1
N_ED	2005 06 18 00 25	0.3
N_ED	2005 06 18 00 30	0.1
N_ED	2005 06 18 00 35	0.1
N_ED	2005 06 18 00 40	0.1
N_ED	2005 06 18 00 45	0.1
N_ED	2005 06 18 01 10	0.1
N_ED	2005 06 18 01 15	0.1
N_ED	2005 06 18 01 25	0.1
N_ED	2005 06 18 01 40	0.1
N_ED	2005 06 18 01 45	0.3
N_ED	2005 06 18 01 50	0.3
N_ED	2005 06 18 01 55	0.3
N_ED	2005 06 18 02 00	0.3
N_ED	2005 06 18 02 05	0.1
N_ED	2005 06 18 03 05	0.1
N_ED	2005 06 21 23 40	0.2
N_ED	2005 06 21 23 45	0.1
N_ED	2005 06 21 23 50	0.1
N_ED	2005 06 21 23 55	0.2
N_ED	2005 06 22 00 00	0.1
N_ED	2005 06 22 00 05	0.2
N_ED	2005 06 22 00 10	0.2
N_ED	2005 06 22 00 15	0.1
N_ED	2005 06 22 00 20	0.1
N_ED	2005 06 22 00 25	0.1
N_ED	2005 06 22 00 35	0.1
N_ED	2005 06 22 01 10	0.1
N_ED	2005 06 25 00 00	0.1
N_ED	2005 06 25 00 25	0.1
N_ED	2005 06 25 00 30	0.1
N_ED	2005 06 25 00 35	0.1
N_ED	2005 06 25 00 40	0.1
N_ED	2005 06 25 00 45	0.1
N_ED	2005 06 25 00 50	0.1
N_ED	2005 06 25 00 55	0.1
N_ED	2005 06 25 01 05	0.1
N_ED	2005 06 25 01 10	0.1
N_ED	2005 06 25 02 25	0.1
N_ED	2005 06 25 02 35	0.1
N_ED	2005 06 25 02 45	0.1
N_ED	2005 06 25 03 00	0.1
N_ED	2005 06 25 03 10	0.1
N_ED	2005 06 25 14 50	0.1
N_ED	2005 06 25 15 00	0.1
N_ED	2005 06 25 15 05	0.1
N_ED	2005 06 25 15 15	0.1
N_ED	2005 06 25 15 25	0.1
N_ED	2005 06 25 15 30	0.1
N_ED	2005 06 25 15 35	0.1
N_ED	2005 06 25 15 45	0.1
N_ED	2005 06 25 15 55	0.1
N_ED	2005 06 25 18 00	0.1
N_ED	2005 06 25 18 05	0.1
N_ED	2005 06 25 18 10	0.1
N_ED	2005 06 25 18 15	0.1
N_ED	2005 06 25 18 25	0.1
N_ED	2005 06 25 18 30	0.1
N_ED	2005 06 25 18 35	0.1
N_ED	2005 06 25 18 40	0.1
N_ED	2005 06 25 18 50	0.1
N_ED	2005 06 25 18 55	0.1
N_ED	2005 06 25 19 05	0.1
N_ED	2005 06 25 19 10	0.1
N_ED	2005 06 25 19 20	0.1
N_ED	2005 06 25 19 30	0.1
N_ED	2005 06 25 19 35	0.1
N_ED	2005 06 25 19 45	0.1
N_ED	2005 06 25 19 55	0.1
N_ED	2005 06 25 20 05	0.1
N_ED	2005 06 25 20 15	0.1
N_ED	2005 06 25 20 25	0.1
N_ED	2005 06 25 20 35	0.1
N_ED	2005 06 25 20 50	0.1
N_ED	2005 06 25 21 00	0.1
N_ED	2005 06 25 21 15	0.1
N_ED	2005 06 25 21 30	0.1
N_ED	2005 06 25 21 40	0.1
N_ED	2005 06 25 21 55	0.1
N_ED	2005 06 25 22 10	0.1
N_ED	2005 06 25 22 30	0.1
N_ED	2005 06 25 22 45	0.1
N_ED	2005 06 25 23 05	0.1
N_ED	2005 06 25 23 25	0.1
N_ED	2005 06 25 23 45	0.1
N_ED	2005 06 26 00 05	0.1
N_ED	2005 06 26 00 30	0.1
N_ED	2005 06 26 00 55	0.1
N_ED	2005 06 26 01 25	0.1
N_ED	2005 06 26 01 50	0.1
N_ED	2005 06 26 02 25	0.1
N_ED	2005 06 26 03 00	0.1
N_ED	2005 06 26 03 40	0.1
N_ED	2005 06 26 04 30	0.1
N_ED	2005 06 26 05 20	0.1
N_ED	2005 06 26 06 20	0.1
N_ED	2005 06 26 07 30	0.1
N_ED	2005 06 26 08 40	0.1
N_ED	2005 06 26 10 05	0.1
N_ED	2005 06 26 11 10	0.1
N_ED	2005 06 26 12 25	0.1
N_ED	2005 06 26 13 35	0.1
N_ED	2005 06 26 15 05	0.1
N_ED	2005 06 26 16 40	0.1
N_ED	2005 06 26 19 50	0.1
N_ED	2005 06 27 03 10	0.1
N_ED	2005 06 27 10 20	0.1
N_ED	2005 06 30 05 20	0.2
N_ED	2005 06 30 13 20	1.9
N_ED	2005 06 30 13 25	4.6
N_ED	2005 06 30 13 30	2.4
N_ED	2005 06 30 13 35	3.5
N_ED	2005 06 30 13 40	2.2
N_ED	2005 06 30 13 45	0.9
N_ED	2005 06 30 13 50	0.4
N_ED	2005 06 30 13 55	0.3
N_ED	2005 06 30 14 00	0.3
N_ED	2005 06 30 14 05	0.2
N_ED	2005 06 30 14 10	0.1
N_ED	2005 06 30 14 15	0.2
N_ED	2005 06 30 14 20	0.2
N_ED	2005 06 30 14 25	0.2
N_ED	2005 06 30 14 30	0.1
N_ED	2005 06 30 14 35	0.1
N_ED	2005 06 30 14 40	0.2
N_ED	2005 06 30 14 45	0.1
N_ED	2005 06 30 14 50	0.1
N_ED	2005 06 30 14 55	0.1
N_ED	2005 06 30 15 00	0.1
N_ED	2005 06 30 15 05	0.1
N_ED	2005 06 30 15 10	0.1
N_ED	2005 06 30 15 20	0.1
N_ED	2005 06 30 15 30	0.1
N_ED	2005 06 30 15 50	0.1
N_ED	2005 06 30 16 25	0.1
N_ED	2005 06 30 16 30	0.1
N_ED	2005 06 30 16 35	0.1
N_ED	2005 06 30 16 40	0.1
N_ED	2005 06 30 16 45	0.1
N_ED	2005 06 30 16 50	0.1
N_ED	2005 06 30 17 00	0.1
N_ED	2005 06 30 17 10	0.1
N_ED	2005 07 01 09 35	0.1
N_ED	2005 07 01 10 50	2.4
N_ED	2005 07 01 10 55	5.9
N_ED	2005 07 01 11 00	3.1
N_ED	2005 07 01 11 05	0.5
N_ED	2005 07 01 11 10	0.2
N_ED	2005 07 01 11 15	0.1
N_ED	2005 07 01 12 15	0.3
N_ED	2005 07 01 12 20	3.6
N_ED	2005 07 01 12 25	2.6
N_ED	2005 07 01 12 30	1.4
N_ED	2005 07 01 12 35	0.2
N_ED	2005 07 01 12 40	0.1
N_ED	2005 07 01 12 50	0.1
N_ED	2005 07 01 13 25	0.1
N_ED	2005 07 01 13 30	0.2
N_ED	2005 07 01 13 35	0.1
N_ED	2005 07 01 13 45	0.1
N_ED	2005 07 01 13 50	0.2
N_ED	2005 07 01 13 55	0.3
N_ED	2005 07 01 14 00	0.4
N_ED	2005 07 01 14 05	0.2
N_ED	2005 07 01 14 10	0.3
N_ED	2005 07 01 14 15	2.4
N_ED	2005 07 01 14 20	5.2
N_ED	2005 07 01 14 25	1.2
N_ED	2005 07 01 14 30	0.2
N_ED	2005 07 01 14 35	0.3
N_ED	2005 07 01 14 40	0.3
N_ED	2005 07 01 14 45	0.1
N_ED	2005 07 01 14 50	0.1
N_ED	2005 07 01 15 05	0.1
N_ED	2005 07 01 15 10	0.1
N_ED	2005 07 01 15 15	0.1
N_ED	2005 07 01 15 20	0.2
N_ED	2005 07 01 15 30	0.1
N_ED	2005 07 01 15 45	0.1
N_ED	2005 07 01 15 55	0.2
N_ED	2005 07 01 16 00	0.1
N_ED	2005 07 01 16 05	0.1
N_ED	2005 07 01 16 10	0.2
N_ED	2005 07 01 16 15	0.3
N_ED	2005 07 01 16 20	0.2
N_ED	2005 07 01 16 25	0.2
N_ED	2005 07 01 16 30	0.1
N_ED	2005 07 01 16 35	0.2
N_ED	2005 07 01 16 40	0.3
N_ED	2005 07 01 16 45	0.4
N_ED	2005 07 01 16 50	0.1
N_ED	2005 07 01 17 00	0.1
N_ED	2005 07 01 17 05	0.1
N_ED	2005 07 01 17 10	0.2
N_ED	2005 07 01 17 15	0.4
N_ED	2005 07 01 17 20	0.2
N_ED	2005 07 01 17 25	0.2
N_ED	2005 07 01 17 30	0.3
N_ED	2005 07 01 17 35	0.1
N_ED	2005 07 01 17 40	0.2
N_ED	2005 07 01 17 45	0.1
N_ED	2005 07 01 17 50	0.1
N_ED	2005 07 01 17 55	0.1
N_ED	2005 07 01 18 00	0.1
N_ED	2005 07 01 18 15	0.1
N_ED	2005 07 01 18 25	0.1
N_ED	2005 07 01 18 40	0.1
N_ED	2005 07 01 19 00	0.1
N_ED	2005 07 01 19 10	0.1
N_ED	2005 07 01 19 25	0.1
N_ED	2005 07 01 19 35	0.1
N_ED	2005 07 01 19 45	0.1
N_ED	2005 07 01 19 50	0.1
N_ED	2005 07 01 20 00	0.1
N_ED	2005 07 01 20 10	0.1
N_ED	2005 07 01 20 20	0.1
N_ED	2005 07 01 20 35	0.1
N_ED	2005 07 01 20 50	0.1
N_ED	2005 07 01 21 00	0.1
N_ED	2005 07 01 21 15	0.1
N_ED	2005 07 01 21 45	0.1
N_ED	2005 07 01 22 05	0.1
N_ED	2005 07 01 22 30	0.1
N_ED	2005 07 01 22 40	0.1
N_ED	2005 07 01 22 50	0.1
N_ED	2005 07 01 23 10	0.8
N_ED	2005 07 01 23 15	0.7
N_ED	2005 07 01 23 20	0.7
N_ED	2005 07 01 23 25	0.2
N_ED	2005 07 01 23 30	0.1
N_ED	2005 07 01 23 35	0.1
N_ED	2005 07 01 23 45	0.2
N_ED	2005 07 01 23 50	0.2
N_ED	2005 07 01 23 55	0.1
N_ED	2005 07 02 00 05	0.1
N_ED	2005 07 02 00 35	0.1
N_ED	2005 07 02 06 10	0.1
N_ED	2005 07 02 06 20	0.1
N_ED	2005 07 05 04 50	0.1
N_ED	2005 07 05 05 00	0.2
N_ED	2005 07 05 05 05	0.4
N_ED	2005 07 05 05 10	0.3
N_ED	2005 07 05 05 15	0.3
N_ED	2005 07 05 05 20	0.1
N_ED	2005 07 05 05 25	0.2
N_ED	2005 07 05 05 30	0.1
N_ED	2005 07 05 05 35	0.1
N_ED	2005 07 05 05 40	0.1
N_ED	2005 07 05 05 45	0.1
N_ED	2005 07 05 05 50	0.1
N_ED	2005 07 05 05 55	0.4
N_ED	2005 07 05 06 00	0.9
N_ED	2005 07 05 06 05	0.4
N_ED	2005 07 05 06 10	0.3
N_ED	2005 07 05 06 15	0.2
N_ED	2005 07 05 06 20	0.2
N_ED	2005 07 05 06 25	0.1
N_ED	2005 07 05 06 30	0.1
N_ED	2005 07 05 06 35	0.2
N_ED	2005 07 05 06 40	0.2
N_ED	2005 07 05 06 45	0.1
N_ED	2005 07 05 06 50	0.3
N_ED	2005 07 05 06 55	0.3
N_ED	2005 07 05 07 00	0.2
N_ED	2005 07 05 07 05	0.1
N_ED	2005 07 05 07 10	0.1
N_ED	2005 07 05 07 15	0.1
N_ED	2005 07 05 07 25	0.1
N_ED	2005 07 05 07 30	0.1
N_ED	2005 07 05 07 35	0.1
N_ED	2005 07 05 07 40	0.1
N_ED	2005 07 05 07 45	0.1
N_ED	2005 07 05 07 50	0.1
N_ED	2005 07 05 07 55	0.1
N_ED	2005 07 05 08 00	0.2
N_ED	2005 07 05 08 05	0.1
N_ED	2005 07 05 08 10	0.1
N_ED	2005 07 05 08 15	0.1
N_ED	2005 07 05 08 20	0.1
N_ED	2005 07 05 08 25	0.1
N_ED	2005 07 05 08 30	0.1
N_ED	2005 07 05 08 35	0.1
N_ED	2005 07 05 08 45	0.1
N_ED	2005 07 05 08 50	0.1
N_ED	2005 07 05 09 05	0.1
N_ED	2005 07 05 09 55	0.1
N_ED	2005 07 05 10 15	0.1
N_ED	2005 07 05 10 20	0.1
N_ED	2005 07 05 10 35	0.1
N_ED	2005 07 05 10 45	0.1
N_ED	2005 07 05 11 00	0.1
N_ED	2005 07 05 11 40	0.1
N_ED	2005 07 05 11 45	0.1
N_ED	2005 07 05 11 50	0.1
N_ED	2005 07 05 11 55	0.1
N_ED	2005 07 05 12 00	0.3
N_ED	2005 07 05 12 05	0.2
N_ED	2005 07 05 12 10	0.2
N_ED	2005 07 05 12 15	0.2
N_ED	2005 07 05 12 20	0.2
N_ED	2005 07 05 12 25	0.3
N_ED	2005 07 05 12 30	0.4
N_ED	2005 07 05 12 35	0.3
N_ED	2005 07 05 12 40	0.5
N_ED	2005 07 05 12 45	0.2
N_ED	2005 07 05 12 50	0.3
N_ED	2005 07 05 12 55	0.3
N_ED	2005 07 05 13 00	0.3
N_ED	2005 07 05 13 05	0.2
N_ED	2005 07 05 13 10	0.2
N_ED	2005 07 05 13 15	0.2
N_ED	2005 07 05 13 20	0.2
N_ED	2005 07 05 13 25	0.3
N_ED	2005 07 05 13 30	0.3
N_ED	2005 07 05 13 35	0.3
N_ED	2005 07 05 13 40	0.2
N_ED	2005 07 05 13 45	0.2
N_ED	2005 07 05 13 50	0.2
N_ED	2005 07 05 13 55	0.3
N_ED	2005 07 05 14 00	0.4
N_ED	2005 07 05 14 05	0.2
N_ED	2005 07 05 14 10	0.3
N_ED	2005 07 05 14 15	0.2
N_ED	2005 07 05 14 20	0.1
N_ED	2005 07 05 14 25	0.2
N_ED	2005 07 05 14 30	0.2
N_ED	2005 07 05 14 35	0.1
N_ED	2005 07 05 14 40	0.2
N_ED	2005 07 05 14 45	0.2
N_ED	2005 07 05 14 50	0.1
N_ED	2005 07 05 14 55	0.2
N_ED	2005 07 05 15 00	0.2
N_ED	2005 07 05 15 05	0.3
N_ED	2005 07 05 15 10	0.2
N_ED	2005 07 05 15 15	0.3
N_ED	2005 07 05 15 20	0.3
N_ED	2005 07 05 15 25	0.3
N_ED	2005 07 05 15 30	0.3
N_ED	2005 07 05 15 35	0.3
N_ED	2005 07 05 15 40	0.3
N_ED	2005 07 05 15 45	0.2
N_ED	2005 07 05 15 50	0.3
N_ED	2005 07 05 15 55	0.3
N_ED	2005 07 05 16 00	0.3
N_ED	2005 07 05 16 05	0.2
N_ED	2005 07 05 16 10	0.3
N_ED	2005 07 05 16 15	0.2
N_ED	2005 07 05 16 20	0.3
N_ED	2005 07 05 16 25	0.1
N_ED	2005 07 05 16 30	0.2
N_ED	2005 07 05 16 35	0.2
N_ED	2005 07 05 16 40	0.2
N_ED	2005 07 05 16 45	0.2
N_ED	2005 07 05 16 50	0.2
N_ED	2005 07 05 16 55	0.2
N_ED	2005 07 05 17 00	0.1
N_ED	2005 07 05 17 05	0.2
N_ED	2005 07 05 17 10	0.1
N_ED	2005 07 05 17 15	0.1
N_ED	2005 07 05 17 20	0.1
N_ED	2005 07 05 17 25	0.2
N_ED	2005 07 05 17 35	0.1
N_ED	2005 07 05 17 40	0.1
N_ED	2005 07 05 17 50	0.1
N_ED	2005 07 05 17 55	0.1
N_ED	2005 07 05 18 10	0.1
N_ED	2005 07 05 18 20	0.1
N_ED	2005 07 05 18 40	0.1
N_ED	2005 07 05 19 20	0.1
N_ED	2005 07 05 19 35	0.1
N_ED	2005 07 05 20 25	0.1
N_ED	2005 07 05 20 50	0.1
N_ED	2005 07 06 02 45	0.1
N_ED	2005 07 07 10 35	1.8
N_ED	2005 07 07 10 40	2.5
N_ED	2005 07 07 10 45	0.7
N_ED	2005 07 07 12 45	0.2
N_ED	2005 07 07 12 50	0.1
N_ED	2005 07 07 12 55	0.1
N_ED	2005 07 07 13 00	0.1
N_ED	2005 07 07 16 10	1
N_ED	2005 07 07 16 15	1.8
N_ED	2005 07 07 16 20	0.4
N_ED	2005 07 07 16 25	0.4
N_ED	2005 07 07 16 30	0.1
N_ED	2005 07 07 16 40	0.3
N_ED	2005 07 07 16 45	0.3
N_ED	2005 07 07 16 50	0.1
N_ED	2005 07 08 07 10	0.1
N_ED	2005 07 08 07 15	0.1
N_ED	2005 07 08 07 25	0.1
N_ED	2005 07 08 07 40	0.1
N_ED	2005 07 08 07 45	0.1
N_ED	2005 07 08 07 50	0.1
N_ED	2005 07 08 07 55	0.1
N_ED	2005 07 08 08 00	0.1
N_ED	2005 07 08 08 05	0.2
N_ED	2005 07 08 08 10	0.1
N_ED	2005 07 08 08 15	0.1
N_ED	2005 07 08 08 20	0.2
N_ED	2005 07 08 08 25	0.1
N_ED	2005 07 08 08 30	0.1
N_ED	2005 07 08 08 35	0.2
N_ED	2005 07 08 08 40	0.2
N_ED	2005 07 08 08 45	0.2
N_ED	2005 07 08 08 50	0.2
N_ED	2005 07 08 08 55	0.1
N_ED	2005 07 08 09 00	0.1
N_ED	2005 07 08 09 10	0.1
N_ED	2005 07 08 09 20	0.1
N_ED	2005 07 08 09 25	0.1
N_ED	2005 07 08 09 30	0.1
N_ED	2005 07 08 09 35	0.2
N_ED	2005 07 08 09 40	0.1
N_ED	2005 07 08 09 45	0.2
N_ED	2005 07 08 09 50	0.2
N_ED	2005 07 08 09 55	0.2
N_ED	2005 07 08 10 00	0.2
N_ED	2005 07 08 10 05	0.3
N_ED	2005 07 08 10 10	0.2
N_ED	2005 07 08 10 15	0.2
N_ED	2005 07 08 10 20	0.2
N_ED	2005 07 08 10 25	0.3
N_ED	2005 07 08 10 30	0.3
N_ED	2005 07 08 10 35	0.2
N_ED	2005 07 08 10 40	0.3
N_ED	2005 07 08 10 45	0.2
N_ED	2005 07 08 10 50	0.1
N_ED	2005 07 08 10 55	0.3
N_ED	2005 07 08 11 00	0.3
N_ED	2005 07 08 11 05	0.2
N_ED	2005 07 08 11 10	0.2
N_ED	2005 07 08 11 15	0.3
N_ED	2005 07 08 11 20	0.2
N_ED	2005 07 08 11 25	0.1
N_ED	2005 07 08 11 30	0.4
N_ED	2005 07 08 11 35	0.2
N_ED	2005 07 08 11 40	0.3
N_ED	2005 07 08 11 45	0.2
N_ED	2005 07 08 11 50	0.2
N_ED	2005 07 08 11 55	0.1
N_ED	2005 07 08 12 00	0.2
N_ED	2005 07 08 12 05	0.1
N_ED	2005 07 08 12 10	0.2
N_ED	2005 07 08 12 15	0.1
N_ED	2005 07 08 12 20	0.2
N_ED	2005 07 08 12 25	0.3
N_ED	2005 07 08 12 30	0.3
N_ED	2005 07 08 12 35	0.2
N_ED	2005 07 08 12 40	0.2
N_ED	2005 07 08 12 45	0.2
N_ED	2005 07 08 12 50	0.3
N_ED	2005 07 08 12 55	0.2
N_ED	2005 07 08 13 00	0.1
N_ED	2005 07 08 13 05	0.3
N_ED	2005 07 08 13 10	0.2
N_ED	2005 07 08 13 15	0.3
N_ED	2005 07 08 13 20	0.2
N_ED	2005 07 08 13 25	0.2
N_ED	2005 07 08 13 30	0.2
N_ED	2005 07 08 13 35	0.2
N_ED	2005 07 08 13 40	0.1
N_ED	2005 07 08 13 45	0.3
N_ED	2005 07 08 13 50	0.1
N_ED	2005 07 08 13 55	0.3
N_ED	2005 07 08 14 00	0.1
N_ED	2005 07 08 14 05	0.1
N_ED	2005 07 08 14 10	0.2
N_ED	2005 07 08 14 15	0.1
N_ED	2005 07 08 14 35	0.1
N_ED	2005 07 08 14 40	0.1
N_ED	2005 07 08 14 45	0.1
N_ED	2005 07 08 14 55	0.1
N_ED	2005 07 08 15 05	0.1
N_ED	2005 07 08 15 25	0.1
N_ED	2005 07 08 15 35	0.1
N_ED	2005 07 08 15 40	0.1
N_ED	2005 07 08 15 50	0.1
N_ED	2005 07 08 15 55	0.2
N_ED	2005 07 08 16 00	0.1
N_ED	2005 07 08 16 10	0.1
N_ED	2005 07 08 16 45	0.1
N_ED	2005 07 08 16 50	0.2
N_ED	2005 07 08 16 55	0.1
N_ED	2005 07 08 17 20	0.1
N_ED	2005 07 08 17 25	0.1
N_ED	2005 07 08 17 30	0.2
N_ED	2005 07 08 17 35	0.1
N_ED	2005 07 08 17 40	0.1
N_ED	2005 07 08 17 45	0.1
N_ED	2005 07 08 17 55	0.1
N_ED	2005 07 08 18 05	0.1
N_ED	2005 07 08 18 10	0.1
N_ED	2005 07 08 18 20	0.1
N_ED	2005 07 08 18 25	0.1
N_ED	2005 07 08 18 35	0.1
N_ED	2005 07 08 18 40	0.1
N_ED	2005 07 08 18 45	0.1
N_ED	2005 07 08 18 50	0.1
N_ED	2005 07 08 18 55	0.1
N_ED	2005 07 08 19 00	0.1
N_ED	2005 07 08 19 05	0.2
N_ED	2005 07 08 19 15	0.2
N_ED	2005 07 08 19 20	0.1
N_ED	2005 07 08 19 25	0.1
N_ED	2005 07 08 19 30	0.2
N_ED	2005 07 08 19 35	0.1
N_ED	2005 07 08 19 40	0.1
N_ED	2005 07 08 19 45	0.1
N_ED	2005 07 08 19 50	0.2
N_ED	2005 07 08 19 55	0.2
N_ED	2005 07 08 20 00	0.2
N_ED	2005 07 08 20 05	0.1
N_ED	2005 07 08 20 10	0.1
N_ED	2005 07 08 20 20	0.1
N_ED	2005 07 08 20 35	0.1
N_ED	2005 07 08 21 20	0.1
N_ED	2005 07 08 22 05	0.1
N_ED	2005 07 08 22 25	0.1
N_ED	2005 07 08 23 35	0.1
N_ED	2005 07 09 00 35	0.1
N_ED	2005 07 09 01 40	0.1
N_ED	2005 07 09 03 50	0.1
N_ED	2005 07 09 07 15	0.1
N_ED	2005 07 09 10 10	0.1
N_ED	2005 07 09 22 00	0.1
N_ED	2005 07 09 22 10	0.1
N_ED	2005 07 10 13 30	0.1
N_ED	2005 07 10 15 55	1.3
N_ED	2005 07 10 16 00	0.1
N_ED	2005 07 10 21 25	0.1
N_ED	2005 07 10 21 50	0.1
N_ED	2005 07 10 22 00	0.1
N_ED	2005 07 10 22 05	0.1
N_ED	2005 07 10 22 10	0.1
N_ED	2005 07 10 22 15	0.1
N_ED	2005 07 10 22 20	0.1
N_ED	2005 07 11 11 25	0.1
N_ED	2005 07 15 06 25	0.1
N_ED	2005 07 15 14 20	0.9
N_ED	2005 07 15 14 25	0.2
N_ED	2005 07 15 14 55	0.1
N_ED	2005 07 15 19 40	0.2
N_ED	2005 07 15 21 20	0.1
N_ED	2005 07 15 21 30	0.1
N_ED	2005 07 15 21 35	0.1
N_ED	2005 07 16 00 15	0.1
N_ED	2005 07 16 04 20	0.1
N_ED	2005 07 16 04 25	0.3
N_ED	2005 07 16 04 30	0.3
N_ED	2005 07 16 04 35	0.5
N_ED	2005 07 16 04 40	0.1
N_ED	2005 07 16 07 00	0.1
N_ED	2005 07 16 07 10	0.1
N_ED	2005 07 16 07 15	0.1
N_ED	2005 07 18 22 15	0.5
N_ED	2005 07 18 22 20	0.6
N_ED	2005 07 18 22 25	1
N_ED	2005 07 18 22 30	0.5
N_ED	2005 07 18 22 35	0.1
N_ED	2005 07 18 22 40	0.1
N_ED	2005 07 19 01 25	0.1
N_ED	2005 07 19 01 35	0.1
N_ED	2005 07 19 01 45	0.1
N_ED	2005 07 19 01 50	0.1
N_ED	2005 07 19 02 00	0.1
N_ED	2005 07 19 02 10	0.1
N_ED	2005 07 19 02 15	0.1
N_ED	2005 07 19 02 45	0.1
N_ED	2005 07 19 06 00	0.1
N_ED	2005 07 19 11 35	0.1
N_ED	2005 07 19 11 40	0.1
N_ED	2005 07 19 11 45	0.3
N_ED	2005 07 19 11 50	0.2
N_ED	2005 07 19 11 55	0.2
N_ED	2005 07 19 12 00	0.1
N_ED	2005 07 19 12 05	0.2
N_ED	2005 07 19 12 10	0.1
N_ED	2005 07 19 12 20	0.1
N_ED	2005 07 19 12 55	0.1
N_ED	2005 07 19 13 55	0.1
N_ED	2005 07 19 16 00	0.4
N_ED	2005 07 19 16 05	0.6
N_ED	2005 07 19 16 10	0.3
N_ED	2005 07 19 16 15	0.1
N_ED	2005 07 19 16 25	0.1
N_ED	2005 07 19 18 45	0.1
N_ED	2005 07 20 20 10	0.4
N_ED	2005 07 20 20 15	0.1
N_ED	2005 07 20 20 25	0.1
N_ED	2005 07 20 21 35	0.4
N_ED	2005 07 20 21 40	1.2
N_ED	2005 07 20 21 45	1.3
N_ED	2005 07 20 21 50	0.5
N_ED	2005 07 20 21 55	0.3
N_ED	2005 07 20 22 00	0.3
N_ED	2005 07 20 22 05	0.4
N_ED	2005 07 20 22 10	0.3
N_ED	2005 07 20 22 15	0.2
N_ED	2005 07 20 22 20	0.3
N_ED	2005 07 20 22 25	0.3
N_ED	2005 07 20 22 30	0.5
N_ED	2005 07 20 22 35	0.8
N_ED	2005 07 20 22 40	1
N_ED	2005 07 20 22 45	0.4
N_ED	2005 07 20 22 50	0.3
N_ED	2005 07 20 22 55	0.2
N_ED	2005 07 20 23 00	0.2
N_ED	2005 07 20 23 05	0.3
N_ED	2005 07 20 23 10	0.2
N_ED	2005 07 20 23 15	0.2
N_ED	2005 07 20 23 25	0.1
N_ED	2005 07 21 01 40	0.1
N_ED	2005 07 21 10 35	0.1
N_ED	2005 07 21 11 00	0.1
N_ED	2005 07 21 13 10	0.1
N_ED	2005 07 21 13 25	0.1
N_ED	2005 07 21 13 30	0.1
N_ED	2005 07 21 13 35	0.2
N_ED	2005 07 21 13 40	0.2
N_ED	2005 07 21 13 45	0.2
N_ED	2005 07 21 13 50	0.2
N_ED	2005 07 21 14 15	0.1
N_ED	2005 07 21 14 55	0.1
N_ED	2005 07 21 16 05	0.1
N_ED	2005 07 21 16 10	0.1
N_ED	2005 07 21 16 15	0.1
N_ED	2005 07 21 16 20	0.1
N_ED	2005 07 21 16 30	0.1
N_ED	2005 07 21 16 35	0.1
N_ED	2005 07 21 16 45	0.1
N_ED	2005 07 21 16 50	0.1
N_ED	2005 07 21 16 55	0.1
N_ED	2005 07 21 17 00	0.1
N_ED	2005 07 21 17 10	0.2
N_ED	2005 07 21 17 15	0.2
N_ED	2005 07 21 17 20	0.3
N_ED	2005 07 21 17 25	0.2
N_ED	2005 07 21 17 30	0.3
N_ED	2005 07 21 17 35	0.3
N_ED	2005 07 21 17 40	0.3
N_ED	2005 07 21 17 45	0.5
N_ED	2005 07 21 17 50	0.4
N_ED	2005 07 21 17 55	0.6
N_ED	2005 07 21 18 00	0.8
N_ED	2005 07 21 18 05	0.6
N_ED	2005 07 21 18 10	0.7
N_ED	2005 07 21 18 15	0.6
N_ED	2005 07 21 18 20	0.6
N_ED	2005 07 21 18 25	0.5
N_ED	2005 07 21 18 30	0.5
N_ED	2005 07 21 18 35	0.4
N_ED	2005 07 21 18 40	0.3
N_ED	2005 07 21 18 45	0.2
N_ED	2005 07 21 18 50	0.2
N_ED	2005 07 21 18 55	0.2
N_ED	2005 07 21 19 00	0.1
N_ED	2005 07 21 19 05	0.2
N_ED	2005 07 21 19 10	0.1
N_ED	2005 07 21 19 15	0.3
N_ED	2005 07 21 19 20	0.2
N_ED	2005 07 21 19 25	0.1
N_ED	2005 07 21 19 30	0.1
N_ED	2005 07 21 19 35	0.1
N_ED	2005 07 21 19 40	0.1
N_ED	2005 07 21 19 45	0.1
N_ED	2005 07 21 19 50	0.2
N_ED	2005 07 21 19 55	0.2
N_ED	2005 07 21 20 00	0.2
N_ED	2005 07 21 20 05	0.1
N_ED	2005 07 21 20 15	0.1
N_ED	2005 07 21 20 20	0.1
N_ED	2005 07 21 20 35	0.1
N_ED	2005 07 21 20 40	0.1
N_ED	2005 07 21 21 20	0.1
N_ED	2005 07 21 21 30	0.1
N_ED	2005 07 21 21 55	0.1
N_ED	2005 07 21 22 05	0.1
N_ED	2005 07 21 22 10	0.1
N_ED	2005 07 21 22 15	0.1
N_ED	2005 07 21 22 20	0.2
N_ED	2005 07 21 23 05	0.1
N_ED	2005 07 21 23 50	0.1
N_ED	2005 07 22 00 10	0.2
N_ED	2005 07 22 00 15	0.2
N_ED	2005 07 22 00 20	0.4
N_ED	2005 07 22 00 25	0.3
N_ED	2005 07 22 00 30	0.3
N_ED	2005 07 22 00 35	0.2
N_ED	2005 07 22 00 40	0.2
N_ED	2005 07 22 00 45	0.2
N_ED	2005 07 22 00 50	0.1
N_ED	2005 07 22 00 55	0.1
N_ED	2005 07 22 01 00	0.1
N_ED	2005 07 22 01 05	0.2
N_ED	2005 07 22 01 10	0.2
N_ED	2005 07 22 01 15	0.2
N_ED	2005 07 22 01 20	0.2
N_ED	2005 07 22 01 25	0.2
N_ED	2005 07 22 01 30	0.1
N_ED	2005 07 22 01 35	0.2
N_ED	2005 07 22 01 40	0.1
N_ED	2005 07 22 01 45	0.1
N_ED	2005 07 22 01 50	0.1
N_ED	2005 07 22 01 55	0.1
N_ED	2005 07 22 02 00	0.1
N_ED	2005 07 22 02 05	0.1
N_ED	2005 07 22 02 10	0.1
N_ED	2005 07 22 02 15	0.1
N_ED	2005 07 22 02 20	0.1
N_ED	2005 07 22 02 25	0.1
N_ED	2005 07 22 02 30	0.1
N_ED	2005 07 22 02 35	0.1
N_ED	2005 07 22 03 10	0.2
N_ED	2005 07 22 03 15	0.3
N_ED	2005 07 22 03 20	0.3
N_ED	2005 07 22 03 25	0.2
N_ED	2005 07 22 03 30	0.1
N_ED	2005 07 22 03 35	0.1
N_ED	2005 07 22 03 45	0.1
N_ED	2005 07 22 03 50	0.2
N_ED	2005 07 22 03 55	0.4
N_ED	2005 07 22 04 00	0.3
N_ED	2005 07 22 04 05	0.1
N_ED	2005 07 22 04 10	0.1
N_ED	2005 07 22 04 15	0.1
N_ED	2005 07 22 04 20	0.1
N_ED	2005 07 22 04 35	0.3
N_ED	2005 07 22 04 40	0.1
N_ED	2005 07 22 04 45	0.2
N_ED	2005 07 22 04 50	0.1
N_ED	2005 07 22 04 55	0.1
N_ED	2005 07 22 05 00	0.1
N_ED	2005 07 22 05 05	0.1
N_ED	2005 07 22 05 15	0.1
N_ED	2005 07 22 05 20	0.1
N_ED	2005 07 22 05 25	0.2
N_ED	2005 07 22 05 30	0.1
N_ED	2005 07 22 05 35	0.3
N_ED	2005 07 22 05 40	0.2
N_ED	2005 07 22 05 45	0.1
N_ED	2005 07 22 05 50	0.1
N_ED	2005 07 22 05 55	0.2
N_ED	2005 07 22 06 00	0.1
N_ED	2005 07 22 06 05	0.2
N_ED	2005 07 22 06 10	0.1
N_ED	2005 07 22 06 15	0.2
N_ED	2005 07 22 06 20	0.2
N_ED	2005 07 22 06 25	0.1
N_ED	2005 07 22 06 30	0.2
N_ED	2005 07 22 06 35	0.3
N_ED	2005 07 22 06 40	0.2
N_ED	2005 07 22 06 50	0.1
N_ED	2005 07 22 07 00	0.1
N_ED	2005 07 22 07 05	0.1
N_ED	2005 07 22 07 10	0.1
N_ED	2005 07 22 07 15	0.1
N_ED	2005 07 22 07 20	0.1
N_ED	2005 07 22 07 35	0.1
N_ED	2005 07 22 08 00	0.1
N_ED	2005 07 22 08 10	0.1
N_ED	2005 07 22 10 20	0.1
N_ED	2005 07 22 11 55	0.1
N_ED	2005 07 22 12 00	0.1
N_ED	2005 07 22 12 10	0.1
N_ED	2005 07 22 13 30	0.1
N_ED	2005 07 22 22 40	0.1
N_ED	2005 07 22 23 05	0.1
N_ED	2005 07 22 23 20	0.1
N_ED	2005 07 22 23 35	0.1
N_ED	2005 07 22 23 50	0.1
N_ED	2005 07 23 00 00	0.1
N_ED	2005 07 23 00 15	0.1
N_ED	2005 07 23 00 20	0.1
N_ED	2005 07 23 00 40	0.1
N_ED	2005 07 23 00 45	0.1
N_ED	2005 07 23 00 50	0.1
N_ED	2005 07 23 01 00	0.1
N_ED	2005 07 23 01 05	0.1
N_ED	2005 07 23 01 10	0.1
N_ED	2005 07 23 01 15	0.1
N_ED	2005 07 23 01 20	0.1
N_ED	2005 07 23 01 25	0.1
N_ED	2005 07 23 01 35	0.1
N_ED	2005 07 23 01 55	0.1
N_ED	2005 07 23 02 15	0.1
N_ED	2005 07 23 02 35	0.1
N_ED	2005 07 23 02 55	0.1
N_ED	2005 07 23 03 15	0.1
N_ED	2005 07 23 03 25	0.1
N_ED	2005 07 23 03 40	0.1
N_ED	2005 07 23 06 30	0.1
N_ED	2005 07 25 03 20	0.1
N_ED	2005 07 25 03 30	0.1
N_ED	2005 07 25 03 35	0.1
N_ED	2005 07 25 03 45	0.1
N_ED	2005 07 25 03 50	0.1
N_ED	2005 07 25 03 55	0.2
N_ED	2005 07 25 04 00	0.1
N_ED	2005 07 25 04 05	0.2
N_ED	2005 07 25 04 10	0.1
N_ED	2005 07 25 04 15	0.2
N_ED	2005 07 25 04 25	0.1
N_ED	2005 07 25 04 35	0.1
N_ED	2005 07 25 04 40	0.1
N_ED	2005 07 25 04 50	0.1
N_ED	2005 07 25 05 00	0.1
N_ED	2005 07 25 05 15	0.1
N_ED	2005 07 25 05 30	0.1
N_ED	2005 07 25 05 50	0.1
N_ED	2005 07 25 06 15	0.1
N_ED	2005 07 25 06 30	0.2
N_ED	2005 07 25 06 35	0.1
N_ED	2005 07 25 06 45	0.3
N_ED	2005 07 25 06 50	0.1
N_ED	2005 07 25 07 10	0.1
N_ED	2005 07 25 07 15	0.2
N_ED	2005 07 25 07 20	0.4
N_ED	2005 07 25 07 25	0.2
N_ED	2005 07 25 07 30	0.4
N_ED	2005 07 25 07 35	0.2
N_ED	2005 07 25 07 40	0.2
N_ED	2005 07 25 07 45	0.1
N_ED	2005 07 25 07 50	0.1
N_ED	2005 07 25 08 05	0.1
N_ED	2005 07 25 08 25	0.1
N_ED	2005 07 29 23 25	1.7
N_ED	2005 07 29 23 30	9.1
N_ED	2005 07 29 23 35	5.5
N_ED	2005 07 29 23 40	0.9
N_ED	2005 07 29 23 45	0.5
N_ED	2005 07 29 23 50	0.4
N_ED	2005 07 29 23 55	0.3
N_ED	2005 07 30 00 00	0.2
N_ED	2005 07 30 00 05	0.2
N_ED	2005 07 30 00 10	0.2
N_ED	2005 07 30 00 15	0.3
N_ED	2005 07 30 00 20	0.3
N_ED	2005 07 30 00 25	0.2
N_ED	2005 07 30 00 30	0.3
N_ED	2005 07 30 00 35	0.1
N_ED	2005 07 30 00 40	0.1
N_ED	2005 07 30 00 45	0.1
N_ED	2005 07 30 03 20	0.1
N_ED	2005 07 30 19 20	0.1
N_ED	2005 07 30 19 25	0.1
N_ED	2005 07 30 19 45	0.1
N_ED	2005 07 30 19 50	0.2
N_ED	2005 07 30 19 55	0.1
N_ED	2005 07 30 20 00	0.1
N_ED	2005 07 30 20 05	0.1
N_ED	2005 07 30 20 30	0.2
N_ED	2005 07 30 20 35	0.2
N_ED	2005 07 30 20 40	0.4
N_ED	2005 07 30 20 45	0.4
N_ED	2005 07 30 20 50	0.5
N_ED	2005 07 30 20 55	0.5
N_ED	2005 07 30 21 00	0.5
N_ED	2005 07 30 21 05	0.5
N_ED	2005 07 30 21 10	0.6
N_ED	2005 07 30 21 15	0.5
N_ED	2005 07 30 21 20	0.5
N_ED	2005 07 30 21 25	0.5
N_ED	2005 07 30 21 30	0.6
N_ED	2005 07 30 21 35	0.4
N_ED	2005 07 30 21 40	0.2
N_ED	2005 07 30 21 55	0.1
N_ED	2005 07 30 22 00	0.1
N_ED	2005 07 30 22 05	0.1
N_ED	2005 07 30 22 10	0.1
N_ED	2005 07 30 22 20	0.2
N_ED	2005 07 30 22 25	0.3
N_ED	2005 07 30 22 30	0.3
N_ED	2005 07 30 22 35	0.3
N_ED	2005 07 30 22 40	0.2
N_ED	2005 07 30 22 45	0.1
N_ED	2005 07 30 22 50	0.1
N_ED	2005 07 30 22 55	0.1
N_ED	2005 07 30 23 00	0.1
N_ED	2005 07 30 23 20	0.1
N_ED	2005 07 30 23 35	0.1
N_ED	2005 07 30 23 45	0.1
N_ED	2005 07 31 00 15	0.1
N_ED	2005 07 31 06 15	0.1
N_ED	2005 08 03 07 30	0.1
N_ED	2005 08 03 07 35	0.1
N_ED	2005 08 03 07 40	0.1
N_ED	2005 08 03 07 50	0.2
N_ED	2005 08 03 07 55	0.3
N_ED	2005 08 03 08 00	0.1
N_ED	2005 08 03 08 05	0.1
N_ED	2005 08 03 08 35	0.1
N_ED	2005 08 03 09 00	0.5
N_ED	2005 08 03 09 05	0.5
N_ED	2005 08 03 09 10	0.4
N_ED	2005 08 03 09 15	0.3
N_ED	2005 08 03 09 20	0.2
N_ED	2005 08 03 09 25	0.1
N_ED	2005 08 03 09 30	0.1
N_ED	2005 08 03 15 55	0.1
N_ED	2005 08 03 16 00	0.1
N_ED	2005 08 03 16 10	0.1
N_ED	2005 08 03 16 20	0.1
N_ED	2005 08 03 16 35	0.1
N_ED	2005 08 03 16 50	0.1
N_ED	2005 08 03 17 00	0.1
N_ED	2005 08 03 17 10	0.1
N_ED	2005 08 03 17 15	0.1
N_ED	2005 08 03 17 25	0.1
N_ED	2005 08 03 17 35	0.1
N_ED	2005 08 03 18 45	0.1
N_ED	2005 08 03 19 50	0.1
N_ED	2005 08 03 20 05	0.1
N_ED	2005 08 03 20 30	0.1
N_ED	2005 08 03 20 35	0.1
N_ED	2005 08 03 20 45	0.1
N_ED	2005 08 03 21 20	0.1
N_ED	2005 08 03 21 25	0.1
N_ED	2005 08 03 21 35	0.1
N_ED	2005 08 03 21 45	0.1
N_ED	2005 08 03 21 50	0.1
N_ED	2005 08 04 05 40	0.1
N_ED	2005 08 06 00 45	0.1
N_ED	2005 08 06 00 50	0.3
N_ED	2005 08 06 00 55	0.2
N_ED	2005 08 06 01 00	0.1
N_ED	2005 08 06 01 20	0.1
N_ED	2005 08 06 01 25	0.2
N_ED	2005 08 06 01 30	0.2
N_ED	2005 08 06 01 35	0.1
N_ED	2005 08 06 01 40	0.1
N_ED	2005 08 06 01 55	0.2
N_ED	2005 08 06 02 00	0.2
N_ED	2005 08 06 02 05	0.3
N_ED	2005 08 06 02 10	0.1
N_ED	2005 08 06 02 15	0.2
N_ED	2005 08 06 02 25	0.1
N_ED	2005 08 06 03 05	0.1
N_ED	2005 08 06 03 30	0.2
N_ED	2005 08 06 03 35	0.3
N_ED	2005 08 06 03 40	0.3
N_ED	2005 08 06 03 45	0.3
N_ED	2005 08 06 03 50	0.1
N_ED	2005 08 06 03 55	0.5
N_ED	2005 08 06 04 00	0.3
N_ED	2005 08 06 04 05	0.1
N_ED	2005 08 06 04 10	0.1
N_ED	2005 08 06 04 20	1.4
N_ED	2005 08 06 04 25	1.3
N_ED	2005 08 06 04 30	0.4
N_ED	2005 08 06 04 35	0.2
N_ED	2005 08 06 04 40	0.3
N_ED	2005 08 06 04 45	0.4
N_ED	2005 08 06 04 50	0.2
N_ED	2005 08 06 04 55	0.1
N_ED	2005 08 06 05 00	0.1
N_ED	2005 08 06 05 05	0.1
N_ED	2005 08 06 05 35	0.1
N_ED	2005 08 06 05 40	0.2
N_ED	2005 08 06 05 45	0.2
N_ED	2005 08 06 09 35	0.1
N_ED	2005 08 07 00 05	0.1
N_ED	2005 08 07 00 15	0.1
N_ED	2005 08 07 00 30	0.3
N_ED	2005 08 07 00 35	0.1
N_ED	2005 08 07 00 40	0.1
N_ED	2005 08 07 00 45	0.2
N_ED	2005 08 07 00 50	0.1
N_ED	2005 08 07 00 55	0.2
N_ED	2005 08 07 01 00	0.1
N_ED	2005 08 07 01 15	0.1
N_ED	2005 08 07 01 30	0.1
N_ED	2005 08 07 01 35	0.5
N_ED	2005 08 07 01 40	0.7
N_ED	2005 08 07 01 45	0.2
N_ED	2005 08 07 01 50	0.2
N_ED	2005 08 07 02 20	0.1
N_ED	2005 08 07 02 35	0.1
N_ED	2005 08 07 02 45	0.1
N_ED	2005 08 07 02 55	0.1
N_ED	2005 08 07 05 55	0.1
N_ED	2005 08 07 08 50	0.1
N_ED	2005 08 07 09 15	0.1
N_ED	2005 08 07 09 20	0.1
N_ED	2005 08 07 09 25	0.2
N_ED	2005 08 07 09 30	0.2
N_ED	2005 08 07 09 35	0.1
N_ED	2005 08 07 10 05	0.2
N_ED	2005 08 07 11 10	0.1
N_ED	2005 08 07 11 55	0.1
N_ED	2005 08 07 12 00	0.1
N_ED	2005 08 07 18 00	0.1
N_ED	2005 08 07 18 05	0.1
N_ED	2005 08 07 19 15	0.2
N_ED	2005 08 07 19 20	0.1
N_ED	2005 08 07 19 45	0.1
N_ED	2005 08 09 05 20	0.1
N_ED	2005 08 09 05 25	0.1
N_ED	2005 08 09 05 35	0.1
N_ED	2005 08 09 05 40	0.1
N_ED	2005 08 09 05 45	0.1
N_ED	2005 08 09 05 55	0.1
N_ED	2005 08 09 06 20	0.1
N_ED	2005 08 09 06 30	0.3
N_ED	2005 08 09 06 35	0.3
N_ED	2005 08 09 06 40	0.3
N_ED	2005 08 09 06 45	0.1
N_ED	2005 08 09 06 50	0.1
N_ED	2005 08 09 06 55	0.1
N_ED	2005 08 09 07 05	0.1
N_ED	2005 08 09 13 55	0.1
N_ED	2005 08 10 18 35	0.1
N_ED	2005 08 10 18 40	0.1
N_ED	2005 08 10 18 45	0.4
N_ED	2005 08 10 18 50	0.1
N_ED	2005 08 10 18 55	0.3
N_ED	2005 08 10 19 00	0.1
N_ED	2005 08 10 19 05	0.2
N_ED	2005 08 10 19 10	0.2
N_ED	2005 08 10 19 15	0.1
N_ED	2005 08 10 19 35	0.1
N_ED	2005 08 10 20 25	0.2
N_ED	2005 08 10 20 30	0.3
N_ED	2005 08 10 20 40	0.1
N_ED	2005 08 10 21 55	0.1
N_ED	2005 08 10 22 05	0.2
N_ED	2005 08 10 22 10	0.2
N_ED	2005 08 10 22 15	0.3
N_ED	2005 08 10 22 20	0.1
N_ED	2005 08 12 20 40	0.1
N_ED	2005 08 12 20 45	0.1
N_ED	2005 08 12 20 50	0.1
N_ED	2005 08 12 20 55	0.1
N_ED	2005 08 12 21 00	0.1
N_ED	2005 08 12 21 05	0.1
N_ED	2005 08 12 21 15	0.1
N_ED	2005 08 12 21 20	0.1
N_ED	2005 08 12 21 25	0.1
N_ED	2005 08 12 21 30	0.1
N_ED	2005 08 12 21 40	0.1
N_ED	2005 08 12 22 45	0.1
N_ED	2005 08 12 22 55	0.1
N_ED	2005 08 12 23 10	0.1
N_ED	2005 08 12 23 15	0.1
N_ED	2005 08 12 23 25	0.1
N_ED	2005 08 12 23 50	0.1
N_ED	2005 08 13 05 40	0.2
N_ED	2005 08 13 05 45	0.2
N_ED	2005 08 13 06 00	0.1
N_ED	2005 08 13 16 45	0.1
N_ED	2005 08 14 15 50	0.1
N_ED	2005 08 14 16 00	0.1
N_ED	2005 08 14 16 10	0.1
N_ED	2005 08 14 16 20	0.1
N_ED	2005 08 14 16 30	0.1
N_ED	2005 08 14 16 40	0.1
N_ED	2005 08 14 16 45	0.1
N_ED	2005 08 14 17 00	0.1
N_ED	2005 08 14 17 10	0.1
N_ED	2005 08 14 17 15	0.2
N_ED	2005 08 14 17 20	0.2
N_ED	2005 08 14 17 25	0.1
N_ED	2005 08 14 17 30	0.1
N_ED	2005 08 14 17 35	0.1
N_ED	2005 08 14 17 40	0.1
N_ED	2005 08 14 17 45	0.1
N_ED	2005 08 14 18 35	0.1
N_ED	2005 08 14 19 05	0.1
N_ED	2005 08 14 19 15	0.1
N_ED	2005 08 15 10 50	0.1
N_ED	2005 08 15 10 55	0.2
N_ED	2005 08 15 11 10	0.1
N_ED	2005 08 15 13 30	0.1
N_ED	2005 08 15 14 10	0.1
