rg	2017	8	9	12	0	0
rg	2017	8	9	12	5	0
rg	2017	8	9	12	10	0
rg	2017	8	9	12	15	0
rg	2017	8	9	12	20	0
rg	2017	8	9	12	25	0
rg	2017	8	9	12	30	0
rg	2017	8	9	12	35	0
rg	2017	8	9	12	40	0
rg	2017	8	9	12	45	0
rg	2017	8	9	12	50	0
rg	2017	8	9	12	55	0
rg	2017	8	9	13	0	0
rg	2017	8	9	13	5	0
rg	2017	8	9	13	10	0
rg	2017	8	9	13	15	0
rg	2017	8	9	13	20	0
rg	2017	8	9	13	25	0
rg	2017	8	9	13	30	0
rg	2017	8	9	13	35	0
rg	2017	8	9	13	40	0
rg	2017	8	9	13	45	0
rg	2017	8	9	13	50	0
rg	2017	8	9	13	55	0
rg	2017	8	9	14	0	0
rg	2017	8	9	14	5	0
rg	2017	8	9	14	10	0
rg	2017	8	9	14	15	0
rg	2017	8	9	14	20	0
rg	2017	8	9	14	25	0
rg	2017	8	9	14	30	0
rg	2017	8	9	14	35	0
rg	2017	8	9	14	40	0
rg	2017	8	9	14	45	0
rg	2017	8	9	14	50	0
rg	2017	8	9	14	55	0
rg	2017	8	9	15	0	0
rg	2017	8	9	15	5	0
rg	2017	8	9	15	10	0
rg	2017	8	9	15	15	0
rg	2017	8	9	15	20	0
rg	2017	8	9	15	25	0
rg	2017	8	9	15	30	0
rg	2017	8	9	15	35	0
rg	2017	8	9	15	40	0
rg	2017	8	9	15	45	0
rg	2017	8	9	15	50	0
rg	2017	8	9	15	55	0
rg	2017	8	9	16	0	0
rg	2017	8	9	16	5	0
rg	2017	8	9	16	10	0
rg	2017	8	9	16	15	0
rg	2017	8	9	16	20	0
rg	2017	8	9	16	25	0
rg	2017	8	9	16	30	0
rg	2017	8	9	16	35	0
rg	2017	8	9	16	40	0
rg	2017	8	9	16	45	0
rg	2017	8	9	16	50	0
rg	2017	8	9	16	55	0
rg	2017	8	9	17	0	0
rg	2017	8	9	17	5	0
rg	2017	8	9	17	10	0
rg	2017	8	9	17	15	0
rg	2017	8	9	17	20	0
rg	2017	8	9	17	25	0
rg	2017	8	9	17	30	0
rg	2017	8	9	17	35	0
rg	2017	8	9	17	40	0
rg	2017	8	9	17	45	0
rg	2017	8	9	17	50	0
rg	2017	8	9	17	55	0
rg	2017	8	9	18	0	0
rg	2017	8	9	18	5	0
rg	2017	8	9	18	10	0
rg	2017	8	9	18	15	0
rg	2017	8	9	18	20	0
rg	2017	8	9	18	25	0
rg	2017	8	9	18	30	0
rg	2017	8	9	18	35	0
rg	2017	8	9	18	40	0
rg	2017	8	9	18	45	0
rg	2017	8	9	18	50	0
rg	2017	8	9	18	55	0
rg	2017	8	9	19	0	0
rg	2017	8	9	19	5	0
rg	2017	8	9	19	10	0
rg	2017	8	9	19	15	0
rg	2017	8	9	19	20	0
rg	2017	8	9	19	25	0
rg	2017	8	9	19	30	0
rg	2017	8	9	19	35	0
rg	2017	8	9	19	40	0
rg	2017	8	9	19	45	0
rg	2017	8	9	19	50	0
rg	2017	8	9	19	55	0
rg	2017	8	9	20	0	0
rg	2017	8	9	20	5	0
rg	2017	8	9	20	10	0
rg	2017	8	9	20	15	0
rg	2017	8	9	20	20	0
rg	2017	8	9	20	25	0
rg	2017	8	9	20	30	0
rg	2017	8	9	20	35	0
rg	2017	8	9	20	40	0
rg	2017	8	9	20	45	0
rg	2017	8	9	20	50	0
rg	2017	8	9	20	55	0
rg	2017	8	9	21	0	0
rg	2017	8	9	21	5	0
rg	2017	8	9	21	10	0
rg	2017	8	9	21	15	0
rg	2017	8	9	21	20	0
rg	2017	8	9	21	25	0
rg	2017	8	9	21	30	0
rg	2017	8	9	21	35	0
rg	2017	8	9	21	40	0
rg	2017	8	9	21	45	0
rg	2017	8	9	21	50	0
rg	2017	8	9	21	55	0
rg	2017	8	9	22	0	0
rg	2017	8	9	22	5	0
rg	2017	8	9	22	10	0
rg	2017	8	9	22	15	0
rg	2017	8	9	22	20	0
rg	2017	8	9	22	25	0
rg	2017	8	9	22	30	0
rg	2017	8	9	22	35	0
rg	2017	8	9	22	40	0
rg	2017	8	9	22	45	0
rg	2017	8	9	22	50	0
rg	2017	8	9	22	55	0
rg	2017	8	9	23	0	0
rg	2017	8	9	23	5	0
rg	2017	8	9	23	10	0
rg	2017	8	9	23	15	0
rg	2017	8	9	23	20	0.2
rg	2017	8	9	23	25	0
rg	2017	8	9	23	30	0.1
rg	2017	8	9	23	35	0
rg	2017	8	9	23	40	0.1
rg	2017	8	9	23	45	0
rg	2017	8	9	23	50	0.6
rg	2017	8	9	23	55	0.4
rg	2017	8	9	24	0	0.1
rg	2017	8	10	0	5	0.6
rg	2017	8	10	0	10	0.4
rg	2017	8	10	0	15	1.6
rg	2017	8	10	0	20	1
rg	2017	8	10	0	25	1.2
rg	2017	8	10	0	30	1.2
rg	2017	8	10	0	35	1.2
rg	2017	8	10	0	40	1.9
rg	2017	8	10	0	45	2.5
rg	2017	8	10	0	50	2.2
rg	2017	8	10	0	55	0.8
rg	2017	8	10	1	0	0.5
rg	2017	8	10	1	5	0.7
rg	2017	8	10	1	10	1.6
rg	2017	8	10	1	15	1.3
rg	2017	8	10	1	20	0.4
rg	2017	8	10	1	25	0.7
rg	2017	8	10	1	30	0.5
rg	2017	8	10	1	35	0.3
rg	2017	8	10	1	40	0.2
rg	2017	8	10	1	45	0.2
rg	2017	8	10	1	50	0.1
rg	2017	8	10	1	55	0.1
rg	2017	8	10	2	0	0
rg	2017	8	10	2	5	0
rg	2017	8	10	2	10	0
rg	2017	8	10	2	15	0
rg	2017	8	10	2	20	0
rg	2017	8	10	2	25	0
rg	2017	8	10	2	30	0
rg	2017	8	10	2	35	0
rg	2017	8	10	2	40	0
rg	2017	8	10	2	45	0
rg	2017	8	10	2	50	0
rg	2017	8	10	2	55	0
rg	2017	8	10	3	0	0
rg	2017	8	10	3	5	0
rg	2017	8	10	3	10	0
rg	2017	8	10	3	15	0
rg	2017	8	10	3	20	0
rg	2017	8	10	3	25	0
rg	2017	8	10	3	30	0
rg	2017	8	10	3	35	0
rg	2017	8	10	3	40	0
rg	2017	8	10	3	45	0
rg	2017	8	10	3	50	0
rg	2017	8	10	3	55	0
rg	2017	8	10	4	0	0
rg	2017	8	10	4	5	0
rg	2017	8	10	4	10	0
rg	2017	8	10	4	15	0
rg	2017	8	10	4	20	0
rg	2017	8	10	4	25	0
rg	2017	8	10	4	30	0
rg	2017	8	10	4	35	0
rg	2017	8	10	4	40	0
rg	2017	8	10	4	45	0
rg	2017	8	10	4	50	0
rg	2017	8	10	4	55	0
rg	2017	8	10	5	0	0
rg	2017	8	10	5	5	0
rg	2017	8	10	5	10	0
rg	2017	8	10	5	15	0
rg	2017	8	10	5	20	0
rg	2017	8	10	5	25	0
rg	2017	8	10	5	30	0
rg	2017	8	10	5	35	0
rg	2017	8	10	5	40	0
rg	2017	8	10	5	45	0.1
rg	2017	8	10	5	50	0
rg	2017	8	10	5	55	0.1
rg	2017	8	10	6	0	0
rg	2017	8	10	6	5	0.1
rg	2017	8	10	6	10	0
rg	2017	8	10	6	15	0
rg	2017	8	10	6	20	0
rg	2017	8	10	6	25	0
rg	2017	8	10	6	30	0
rg	2017	8	10	6	35	0
rg	2017	8	10	6	40	0
rg	2017	8	10	6	45	0
rg	2017	8	10	6	50	0
rg	2017	8	10	6	55	0
rg	2017	8	10	7	0	0
rg	2017	8	10	7	5	0
rg	2017	8	10	7	10	0
rg	2017	8	10	7	15	0
rg	2017	8	10	7	20	0
rg	2017	8	10	7	25	0
rg	2017	8	10	7	30	0.1
rg	2017	8	10	7	35	0
rg	2017	8	10	7	40	0
rg	2017	8	10	7	45	0
rg	2017	8	10	7	50	0
rg	2017	8	10	7	55	0
rg	2017	8	10	8	0	0
rg	2017	8	10	8	5	0
rg	2017	8	10	8	10	0
rg	2017	8	10	8	15	0
rg	2017	8	10	8	20	0
rg	2017	8	10	8	25	0
rg	2017	8	10	8	30	0
rg	2017	8	10	8	35	0
rg	2017	8	10	8	40	0
rg	2017	8	10	8	45	0
rg	2017	8	10	8	50	0
rg	2017	8	10	8	55	0
rg	2017	8	10	9	0	0
rg	2017	8	10	9	5	0
rg	2017	8	10	9	10	0
rg	2017	8	10	9	15	0
rg	2017	8	10	9	20	0
rg	2017	8	10	9	25	0
rg	2017	8	10	9	30	0
rg	2017	8	10	9	35	0
rg	2017	8	10	9	40	0
rg	2017	8	10	9	45	0
rg	2017	8	10	9	50	0
rg	2017	8	10	9	55	0
rg	2017	8	10	10	0	0
rg	2017	8	10	10	5	0
rg	2017	8	10	10	10	0
rg	2017	8	10	10	15	0
rg	2017	8	10	10	20	0
rg	2017	8	10	10	25	0
rg	2017	8	10	10	30	0
rg	2017	8	10	10	35	0
rg	2017	8	10	10	40	0
rg	2017	8	10	10	45	0
rg	2017	8	10	10	50	0
rg	2017	8	10	10	55	0
rg	2017	8	10	11	0	0
rg	2017	8	10	11	5	0
rg	2017	8	10	11	10	0
rg	2017	8	10	11	15	0
rg	2017	8	10	11	20	0
rg	2017	8	10	11	25	0
rg	2017	8	10	11	30	0
rg	2017	8	10	11	35	0
rg	2017	8	10	11	40	0
rg	2017	8	10	11	45	0
rg	2017	8	10	11	50	0
rg	2017	8	10	11	55	0
rg	2017	8	10	12	0	0
rg	2017	8	10	12	5	0
rg	2017	8	10	12	10	0
rg	2017	8	10	12	15	0
rg	2017	8	10	12	20	0
rg	2017	8	10	12	25	0
rg	2017	8	10	12	30	0
rg	2017	8	10	12	35	0
rg	2017	8	10	12	40	0
rg	2017	8	10	12	45	0
rg	2017	8	10	12	50	0
rg	2017	8	10	12	55	0
rg	2017	8	10	13	0	0
rg	2017	8	10	13	5	0
rg	2017	8	10	13	10	0
rg	2017	8	10	13	15	0
rg	2017	8	10	13	20	0
rg	2017	8	10	13	25	0
rg	2017	8	10	13	30	0
rg	2017	8	10	13	35	0
rg	2017	8	10	13	40	0
rg	2017	8	10	13	45	0
rg	2017	8	10	13	50	0
rg	2017	8	10	13	55	0
rg	2017	8	10	14	0	0
rg	2017	8	10	14	5	0
rg	2017	8	10	14	10	0
rg	2017	8	10	14	15	0
rg	2017	8	10	14	20	0
rg	2017	8	10	14	25	0
rg	2017	8	10	14	30	0
rg	2017	8	10	14	35	0
rg	2017	8	10	14	40	0
rg	2017	8	10	14	45	0
rg	2017	8	10	14	50	0
rg	2017	8	10	14	55	0
rg	2017	8	10	15	0	0
rg	2017	8	10	15	5	0
rg	2017	8	10	15	10	0
rg	2017	8	10	15	15	0
rg	2017	8	10	15	20	0
rg	2017	8	10	15	25	0
rg	2017	8	10	15	30	0
rg	2017	8	10	15	35	0
rg	2017	8	10	15	40	0
rg	2017	8	10	15	45	0
rg	2017	8	10	15	50	0
rg	2017	8	10	15	55	0
rg	2017	8	10	16	0	0
rg	2017	8	10	16	5	0
rg	2017	8	10	16	10	0
rg	2017	8	10	16	15	0
rg	2017	8	10	16	20	0
rg	2017	8	10	16	25	0
rg	2017	8	10	16	30	0
rg	2017	8	10	16	35	0
rg	2017	8	10	16	40	0
rg	2017	8	10	16	45	0
rg	2017	8	10	16	50	0
rg	2017	8	10	16	55	0
rg	2017	8	10	17	0	0
rg	2017	8	10	17	5	0
rg	2017	8	10	17	10	0
rg	2017	8	10	17	15	0
rg	2017	8	10	17	20	0
rg	2017	8	10	17	25	0
rg	2017	8	10	17	30	0
rg	2017	8	10	17	35	0
rg	2017	8	10	17	40	0
rg	2017	8	10	17	45	0
rg	2017	8	10	17	50	0
rg	2017	8	10	17	55	0
rg	2017	8	10	18	0	0
rg	2017	8	10	18	5	0
rg	2017	8	10	18	10	0
rg	2017	8	10	18	15	0
rg	2017	8	10	18	20	0
rg	2017	8	10	18	25	0
rg	2017	8	10	18	30	0
rg	2017	8	10	18	35	0
rg	2017	8	10	18	40	0
rg	2017	8	10	18	45	0
rg	2017	8	10	18	50	0
rg	2017	8	10	18	55	0
rg	2017	8	10	19	0	0
rg	2017	8	10	19	5	0
rg	2017	8	10	19	10	0
rg	2017	8	10	19	15	0
rg	2017	8	10	19	20	0
rg	2017	8	10	19	25	0
rg	2017	8	10	19	30	0
rg	2017	8	10	19	35	0
rg	2017	8	10	19	40	0
rg	2017	8	10	19	45	0
rg	2017	8	10	19	50	0
rg	2017	8	10	19	55	0
rg	2017	8	10	20	0	0
rg	2017	8	10	20	5	0
rg	2017	8	10	20	10	0
rg	2017	8	10	20	15	0
rg	2017	8	10	20	20	0
rg	2017	8	10	20	25	0
rg	2017	8	10	20	30	0
rg	2017	8	10	20	35	0
rg	2017	8	10	20	40	0
rg	2017	8	10	20	45	0
rg	2017	8	10	20	50	0
rg	2017	8	10	20	55	0
rg	2017	8	10	21	0	0
rg	2017	8	10	21	5	0
rg	2017	8	10	21	10	0
rg	2017	8	10	21	15	0
rg	2017	8	10	21	20	0
rg	2017	8	10	21	25	0
rg	2017	8	10	21	30	0
rg	2017	8	10	21	35	0
rg	2017	8	10	21	40	0
rg	2017	8	10	21	45	0
rg	2017	8	10	21	50	0
rg	2017	8	10	21	55	0
rg	2017	8	10	22	0	0
rg	2017	8	10	22	5	0
rg	2017	8	10	22	10	0
rg	2017	8	10	22	15	0
rg	2017	8	10	22	20	0
rg	2017	8	10	22	25	0
rg	2017	8	10	22	30	0
rg	2017	8	10	22	35	0
rg	2017	8	10	22	40	0
rg	2017	8	10	22	45	0
rg	2017	8	10	22	50	0
rg	2017	8	10	22	55	0
rg	2017	8	10	23	0	0
rg	2017	8	10	23	5	0
rg	2017	8	10	23	10	0
rg	2017	8	10	23	15	0
rg	2017	8	10	23	20	0
rg	2017	8	10	23	25	0
rg	2017	8	10	23	30	0
rg	2017	8	10	23	35	0
rg	2017	8	10	23	40	0
rg	2017	8	10	23	45	0
rg	2017	8	10	23	50	0
rg	2017	8	10	23	55	0
rg	2017	8	10	24	0	0
rg	2017	8	11	0	5	0
rg	2017	8	11	0	10	0
rg	2017	8	11	0	15	0
rg	2017	8	11	0	20	0
rg	2017	8	11	0	25	0
rg	2017	8	11	0	30	0
rg	2017	8	11	0	35	0
rg	2017	8	11	0	40	0
rg	2017	8	11	0	45	0
rg	2017	8	11	0	50	0
rg	2017	8	11	0	55	0
rg	2017	8	11	1	0	0
rg	2017	8	11	1	5	0
rg	2017	8	11	1	10	0
rg	2017	8	11	1	15	0
rg	2017	8	11	1	20	0
rg	2017	8	11	1	25	0
rg	2017	8	11	1	30	0
rg	2017	8	11	1	35	0
rg	2017	8	11	1	40	0
rg	2017	8	11	1	45	0
rg	2017	8	11	1	50	0
rg	2017	8	11	1	55	0
rg	2017	8	11	2	0	0
rg	2017	8	11	2	5	0
rg	2017	8	11	2	10	0
rg	2017	8	11	2	15	0
rg	2017	8	11	2	20	0
rg	2017	8	11	2	25	0
rg	2017	8	11	2	30	0
rg	2017	8	11	2	35	0
rg	2017	8	11	2	40	0
rg	2017	8	11	2	45	0
rg	2017	8	11	2	50	0
rg	2017	8	11	2	55	0
rg	2017	8	11	3	0	0
rg	2017	8	11	3	5	0
rg	2017	8	11	3	10	0
rg	2017	8	11	3	15	0
rg	2017	8	11	3	20	0
rg	2017	8	11	3	25	0
rg	2017	8	11	3	30	0
rg	2017	8	11	3	35	0
rg	2017	8	11	3	40	0
rg	2017	8	11	3	45	0
rg	2017	8	11	3	50	0
rg	2017	8	11	3	55	0
rg	2017	8	11	4	0	0
rg	2017	8	11	4	5	0
rg	2017	8	11	4	10	0
rg	2017	8	11	4	15	0
rg	2017	8	11	4	20	0
rg	2017	8	11	4	25	0
rg	2017	8	11	4	30	0
rg	2017	8	11	4	35	0
rg	2017	8	11	4	40	0
rg	2017	8	11	4	45	0
rg	2017	8	11	4	50	0
rg	2017	8	11	4	55	0
rg	2017	8	11	5	0	0
rg	2017	8	11	5	5	0
rg	2017	8	11	5	10	0
rg	2017	8	11	5	15	0
rg	2017	8	11	5	20	0
rg	2017	8	11	5	25	0
rg	2017	8	11	5	30	0
rg	2017	8	11	5	35	0
rg	2017	8	11	5	40	0
rg	2017	8	11	5	45	0
rg	2017	8	11	5	50	0
rg	2017	8	11	5	55	0
rg	2017	8	11	6	0	0
rg	2017	8	11	6	5	0
rg	2017	8	11	6	10	0
rg	2017	8	11	6	15	0
rg	2017	8	11	6	20	0
rg	2017	8	11	6	25	0
rg	2017	8	11	6	30	0
rg	2017	8	11	6	35	0
rg	2017	8	11	6	40	0
rg	2017	8	11	6	45	0
rg	2017	8	11	6	50	0
rg	2017	8	11	6	55	0
rg	2017	8	11	7	0	0
rg	2017	8	11	7	5	0
rg	2017	8	11	7	10	0
rg	2017	8	11	7	15	0
rg	2017	8	11	7	20	0
rg	2017	8	11	7	25	0
rg	2017	8	11	7	30	0
rg	2017	8	11	7	35	0
rg	2017	8	11	7	40	0
rg	2017	8	11	7	45	0
rg	2017	8	11	7	50	0
rg	2017	8	11	7	55	0
rg	2017	8	11	8	0	0
rg	2017	8	11	8	5	0
rg	2017	8	11	8	10	0
rg	2017	8	11	8	15	0
rg	2017	8	11	8	20	0
rg	2017	8	11	8	25	0
rg	2017	8	11	8	30	0
rg	2017	8	11	8	35	0
rg	2017	8	11	8	40	0
rg	2017	8	11	8	45	0
rg	2017	8	11	8	50	0
rg	2017	8	11	8	55	0
rg	2017	8	11	9	0	0
rg	2017	8	11	9	5	0
rg	2017	8	11	9	10	0
rg	2017	8	11	9	15	0.1
rg	2017	8	11	9	20	0.3
rg	2017	8	11	9	25	0.5
rg	2017	8	11	9	30	0.1
rg	2017	8	11	9	35	0.1
rg	2017	8	11	9	40	0.1
rg	2017	8	11	9	45	0.2
rg	2017	8	11	9	50	0.3
rg	2017	8	11	9	55	0.1
rg	2017	8	11	10	0	0.1
rg	2017	8	11	10	5	0.2
rg	2017	8	11	10	10	0
rg	2017	8	11	10	15	0
rg	2017	8	11	10	20	0.1
rg	2017	8	11	10	25	0.1
rg	2017	8	11	10	30	0.1
rg	2017	8	11	10	35	0
rg	2017	8	11	10	40	0
rg	2017	8	11	10	45	0
rg	2017	8	11	10	50	0.1
rg	2017	8	11	10	55	0
rg	2017	8	11	11	0	0
rg	2017	8	11	11	5	0
rg	2017	8	11	11	10	0
rg	2017	8	11	11	15	0
rg	2017	8	11	11	20	0
rg	2017	8	11	11	25	0
rg	2017	8	11	11	30	0
rg	2017	8	11	11	35	0
rg	2017	8	11	11	40	0
rg	2017	8	11	11	45	0
rg	2017	8	11	11	50	0
rg	2017	8	11	11	55	0
rg	2017	8	11	12	0	0
rg	2017	8	11	12	5	0
rg	2017	8	11	12	10	0
rg	2017	8	11	12	15	0
rg	2017	8	11	12	20	0
rg	2017	8	11	12	25	0
rg	2017	8	11	12	30	0
rg	2017	8	11	12	35	0
rg	2017	8	11	12	40	0
rg	2017	8	11	12	45	0
rg	2017	8	11	12	50	0.1
rg	2017	8	11	12	55	0.1
rg	2017	8	11	13	0	0.2
rg	2017	8	11	13	5	0.2
rg	2017	8	11	13	10	0.1
rg	2017	8	11	13	15	0.2
rg	2017	8	11	13	20	0.2
rg	2017	8	11	13	25	0.3
rg	2017	8	11	13	30	0.2
rg	2017	8	11	13	35	0.1
rg	2017	8	11	13	40	0.1
rg	2017	8	11	13	45	0
rg	2017	8	11	13	50	0
rg	2017	8	11	13	55	0.1
rg	2017	8	11	14	0	0
rg	2017	8	11	14	5	0.2
rg	2017	8	11	14	10	0.2
rg	2017	8	11	14	15	0.1
rg	2017	8	11	14	20	0.1
rg	2017	8	11	14	25	0.1
rg	2017	8	11	14	30	0.3
rg	2017	8	11	14	35	0.2
rg	2017	8	11	14	40	0.4
rg	2017	8	11	14	45	0.6
rg	2017	8	11	14	50	0.5
rg	2017	8	11	14	55	0.6
rg	2017	8	11	15	0	0.5
rg	2017	8	11	15	5	0.5
rg	2017	8	11	15	10	0.4
rg	2017	8	11	15	15	0.6
rg	2017	8	11	15	20	0.5
rg	2017	8	11	15	25	0.3
rg	2017	8	11	15	30	0.4
rg	2017	8	11	15	35	0.3
rg	2017	8	11	15	40	0.3
rg	2017	8	11	15	45	0.4
rg	2017	8	11	15	50	0.1
rg	2017	8	11	15	55	0.1
rg	2017	8	11	16	0	0
rg	2017	8	11	16	5	0
rg	2017	8	11	16	10	0
rg	2017	8	11	16	15	0
rg	2017	8	11	16	20	0
rg	2017	8	11	16	25	0.1
rg	2017	8	11	16	30	0.5
rg	2017	8	11	16	35	0.1
rg	2017	8	11	16	40	0.1
rg	2017	8	11	16	45	0
rg	2017	8	11	16	50	0.1
rg	2017	8	11	16	55	0.1
rg	2017	8	11	17	0	0
rg	2017	8	11	17	5	0.1
rg	2017	8	11	17	10	0.2
rg	2017	8	11	17	15	0.2
rg	2017	8	11	17	20	0.3
rg	2017	8	11	17	25	0.2
rg	2017	8	11	17	30	0.1
rg	2017	8	11	17	35	0
rg	2017	8	11	17	40	0
rg	2017	8	11	17	45	0
rg	2017	8	11	17	50	0
rg	2017	8	11	17	55	0
rg	2017	8	11	18	0	0
rg	2017	8	11	18	5	0
rg	2017	8	11	18	10	0.1
rg	2017	8	11	18	15	0
rg	2017	8	11	18	20	0
rg	2017	8	11	18	25	0
rg	2017	8	11	18	30	0
rg	2017	8	11	18	35	0
rg	2017	8	11	18	40	0
rg	2017	8	11	18	45	0
rg	2017	8	11	18	50	0
rg	2017	8	11	18	55	0
rg	2017	8	11	19	0	0
rg	2017	8	11	19	5	0
rg	2017	8	11	19	10	0
rg	2017	8	11	19	15	0
rg	2017	8	11	19	20	0
rg	2017	8	11	19	25	0
rg	2017	8	11	19	30	0
rg	2017	8	11	19	35	0
rg	2017	8	11	19	40	0
rg	2017	8	11	19	45	0
rg	2017	8	11	19	50	0
rg	2017	8	11	19	55	0
rg	2017	8	11	20	0	0
rg	2017	8	11	20	5	0
rg	2017	8	11	20	10	0
rg	2017	8	11	20	15	0
rg	2017	8	11	20	20	0
rg	2017	8	11	20	25	0
rg	2017	8	11	20	30	0
rg	2017	8	11	20	35	0
rg	2017	8	11	20	40	0
rg	2017	8	11	20	45	0
rg	2017	8	11	20	50	0
rg	2017	8	11	20	55	0
rg	2017	8	11	21	0	0
rg	2017	8	11	21	5	0
rg	2017	8	11	21	10	0
rg	2017	8	11	21	15	0
rg	2017	8	11	21	20	0
rg	2017	8	11	21	25	0
rg	2017	8	11	21	30	0
rg	2017	8	11	21	35	0
rg	2017	8	11	21	40	0
rg	2017	8	11	21	45	0
rg	2017	8	11	21	50	0
rg	2017	8	11	21	55	0
rg	2017	8	11	22	0	0
rg	2017	8	11	22	5	0
rg	2017	8	11	22	10	0
rg	2017	8	11	22	15	0
rg	2017	8	11	22	20	0
rg	2017	8	11	22	25	0
rg	2017	8	11	22	30	0
rg	2017	8	11	22	35	0
rg	2017	8	11	22	40	0
rg	2017	8	11	22	45	0
rg	2017	8	11	22	50	0
rg	2017	8	11	22	55	0
rg	2017	8	11	23	0	0
rg	2017	8	11	23	5	0
rg	2017	8	11	23	10	0
rg	2017	8	11	23	15	0
rg	2017	8	11	23	20	0
rg	2017	8	11	23	25	0
rg	2017	8	11	23	30	0
rg	2017	8	11	23	35	0
rg	2017	8	11	23	40	0
rg	2017	8	11	23	45	0
rg	2017	8	11	23	50	0
rg	2017	8	11	23	55	0
rg	2017	8	11	24	0	0
rg	2017	8	12	0	5	0
rg	2017	8	12	0	10	0
rg	2017	8	12	0	15	0
rg	2017	8	12	0	20	0
rg	2017	8	12	0	25	0
rg	2017	8	12	0	30	0
rg	2017	8	12	0	35	0
rg	2017	8	12	0	40	0
rg	2017	8	12	0	45	0
rg	2017	8	12	0	50	0
rg	2017	8	12	0	55	0
rg	2017	8	12	1	0	0
rg	2017	8	12	1	5	0
rg	2017	8	12	1	10	0
rg	2017	8	12	1	15	0
rg	2017	8	12	1	20	0
rg	2017	8	12	1	25	0
rg	2017	8	12	1	30	0
rg	2017	8	12	1	35	0
rg	2017	8	12	1	40	0
rg	2017	8	12	1	45	0
rg	2017	8	12	1	50	0
rg	2017	8	12	1	55	0
rg	2017	8	12	2	0	0
rg	2017	8	12	2	5	0
rg	2017	8	12	2	10	0
rg	2017	8	12	2	15	0
rg	2017	8	12	2	20	0
rg	2017	8	12	2	25	0
rg	2017	8	12	2	30	0
rg	2017	8	12	2	35	0
rg	2017	8	12	2	40	0
rg	2017	8	12	2	45	0
rg	2017	8	12	2	50	0
rg	2017	8	12	2	55	0
rg	2017	8	12	3	0	0
rg	2017	8	12	3	5	0
rg	2017	8	12	3	10	0
rg	2017	8	12	3	15	0
rg	2017	8	12	3	20	0
rg	2017	8	12	3	25	0
rg	2017	8	12	3	30	0
rg	2017	8	12	3	35	0
rg	2017	8	12	3	40	0
rg	2017	8	12	3	45	0
rg	2017	8	12	3	50	0
rg	2017	8	12	3	55	0
rg	2017	8	12	4	0	0
rg	2017	8	12	4	5	0
rg	2017	8	12	4	10	0
rg	2017	8	12	4	15	0
rg	2017	8	12	4	20	0
rg	2017	8	12	4	25	0
rg	2017	8	12	4	30	0
rg	2017	8	12	4	35	0
rg	2017	8	12	4	40	0
rg	2017	8	12	4	45	0
rg	2017	8	12	4	50	0
rg	2017	8	12	4	55	0
rg	2017	8	12	5	0	0
rg	2017	8	12	5	5	0
rg	2017	8	12	5	10	0
rg	2017	8	12	5	15	0
rg	2017	8	12	5	20	0
rg	2017	8	12	5	25	0
rg	2017	8	12	5	30	0
rg	2017	8	12	5	35	0
rg	2017	8	12	5	40	0
rg	2017	8	12	5	45	0
rg	2017	8	12	5	50	0
rg	2017	8	12	5	55	0
rg	2017	8	12	6	0	0
rg	2017	8	12	6	5	0
rg	2017	8	12	6	10	0
rg	2017	8	12	6	15	0
rg	2017	8	12	6	20	0
rg	2017	8	12	6	25	0
rg	2017	8	12	6	30	0
rg	2017	8	12	6	35	0
rg	2017	8	12	6	40	0
rg	2017	8	12	6	45	0
rg	2017	8	12	6	50	0
rg	2017	8	12	6	55	0
rg	2017	8	12	7	0	0
rg	2017	8	12	7	5	0
rg	2017	8	12	7	10	0
rg	2017	8	12	7	15	0
rg	2017	8	12	7	20	0
rg	2017	8	12	7	25	0
rg	2017	8	12	7	30	0
rg	2017	8	12	7	35	0
rg	2017	8	12	7	40	0
rg	2017	8	12	7	45	0
rg	2017	8	12	7	50	0
rg	2017	8	12	7	55	0
rg	2017	8	12	8	0	0
rg	2017	8	12	8	5	0
rg	2017	8	12	8	10	0
rg	2017	8	12	8	15	0
rg	2017	8	12	8	20	0
rg	2017	8	12	8	25	0
rg	2017	8	12	8	30	0
rg	2017	8	12	8	35	0
rg	2017	8	12	8	40	0
rg	2017	8	12	8	45	0
rg	2017	8	12	8	50	0
rg	2017	8	12	8	55	0
rg	2017	8	12	9	0	0
rg	2017	8	12	9	5	0
rg	2017	8	12	9	10	0
rg	2017	8	12	9	15	0
rg	2017	8	12	9	20	0
rg	2017	8	12	9	25	0
rg	2017	8	12	9	30	0
rg	2017	8	12	9	35	0
rg	2017	8	12	9	40	0
rg	2017	8	12	9	45	0
rg	2017	8	12	9	50	0
rg	2017	8	12	9	55	0
rg	2017	8	12	10	0	0
rg	2017	8	12	10	5	0
rg	2017	8	12	10	10	0
rg	2017	8	12	10	15	0
rg	2017	8	12	10	20	0
rg	2017	8	12	10	25	0
rg	2017	8	12	10	30	0
rg	2017	8	12	10	35	0
rg	2017	8	12	10	40	0
rg	2017	8	12	10	45	0
rg	2017	8	12	10	50	0
rg	2017	8	12	10	55	0
rg	2017	8	12	11	0	0
rg	2017	8	12	11	5	0
rg	2017	8	12	11	10	0
rg	2017	8	12	11	15	0
rg	2017	8	12	11	20	0
rg	2017	8	12	11	25	0
rg	2017	8	12	11	30	0
rg	2017	8	12	11	35	0
rg	2017	8	12	11	40	0
rg	2017	8	12	11	45	0
rg	2017	8	12	11	50	0
rg	2017	8	12	11	55	0
rg	2017	8	12	12	0	0
rg	2017	8	12	12	5	0
rg	2017	8	12	12	10	0
rg	2017	8	12	12	15	0
rg	2017	8	12	12	20	0
rg	2017	8	12	12	25	0
rg	2017	8	12	12	30	0
rg	2017	8	12	12	35	0
rg	2017	8	12	12	40	0
rg	2017	8	12	12	45	0
rg	2017	8	12	12	50	0
rg	2017	8	12	12	55	0
rg	2017	8	12	13	0	0
rg	2017	8	12	13	5	0
rg	2017	8	12	13	10	0
rg	2017	8	12	13	15	0
rg	2017	8	12	13	20	0
rg	2017	8	12	13	25	0
rg	2017	8	12	13	30	0
rg	2017	8	12	13	35	0
rg	2017	8	12	13	40	0
rg	2017	8	12	13	45	0
rg	2017	8	12	13	50	0
rg	2017	8	12	13	55	0
rg	2017	8	12	14	0	0
rg	2017	8	12	14	5	0
rg	2017	8	12	14	10	0
rg	2017	8	12	14	15	0
rg	2017	8	12	14	20	0
rg	2017	8	12	14	25	0
rg	2017	8	12	14	30	0
rg	2017	8	12	14	35	0
rg	2017	8	12	14	40	0
rg	2017	8	12	14	45	0
rg	2017	8	12	14	50	0
rg	2017	8	12	14	55	0
rg	2017	8	12	15	0	0
rg	2017	8	12	15	5	0
rg	2017	8	12	15	10	0
rg	2017	8	12	15	15	0
rg	2017	8	12	15	20	0
rg	2017	8	12	15	25	0
rg	2017	8	12	15	30	0
rg	2017	8	12	15	35	0
rg	2017	8	12	15	40	0
rg	2017	8	12	15	45	0
rg	2017	8	12	15	50	0
rg	2017	8	12	15	55	0
rg	2017	8	12	16	0	0
rg	2017	8	12	16	5	0
rg	2017	8	12	16	10	0
rg	2017	8	12	16	15	0
rg	2017	8	12	16	20	0
rg	2017	8	12	16	25	0
rg	2017	8	12	16	30	0
rg	2017	8	12	16	35	0
rg	2017	8	12	16	40	0
rg	2017	8	12	16	45	0
rg	2017	8	12	16	50	0
rg	2017	8	12	16	55	0
rg	2017	8	12	17	0	0
rg	2017	8	12	17	5	0
rg	2017	8	12	17	10	0
rg	2017	8	12	17	15	0
rg	2017	8	12	17	20	0
rg	2017	8	12	17	25	0
rg	2017	8	12	17	30	0
rg	2017	8	12	17	35	0
rg	2017	8	12	17	40	0
rg	2017	8	12	17	45	0
rg	2017	8	12	17	50	0
rg	2017	8	12	17	55	0
rg	2017	8	12	18	0	0
rg	2017	8	12	18	5	0
rg	2017	8	12	18	10	0
rg	2017	8	12	18	15	0
rg	2017	8	12	18	20	0
rg	2017	8	12	18	25	0
rg	2017	8	12	18	30	0
rg	2017	8	12	18	35	0
rg	2017	8	12	18	40	0
rg	2017	8	12	18	45	0
rg	2017	8	12	18	50	0
rg	2017	8	12	18	55	0
rg	2017	8	12	19	0	0
rg	2017	8	12	19	5	0
rg	2017	8	12	19	10	0
rg	2017	8	12	19	15	0
rg	2017	8	12	19	20	0
rg	2017	8	12	19	25	0
rg	2017	8	12	19	30	0
rg	2017	8	12	19	35	0
rg	2017	8	12	19	40	0
rg	2017	8	12	19	45	0
rg	2017	8	12	19	50	0
rg	2017	8	12	19	55	0
rg	2017	8	12	20	0	0
rg	2017	8	12	20	5	0
rg	2017	8	12	20	10	0
rg	2017	8	12	20	15	0
rg	2017	8	12	20	20	0
rg	2017	8	12	20	25	0
rg	2017	8	12	20	30	0
rg	2017	8	12	20	35	0
rg	2017	8	12	20	40	0
rg	2017	8	12	20	45	0
rg	2017	8	12	20	50	0
rg	2017	8	12	20	55	0
rg	2017	8	12	21	0	0
rg	2017	8	12	21	5	0
rg	2017	8	12	21	10	0
rg	2017	8	12	21	15	0
rg	2017	8	12	21	20	0
rg	2017	8	12	21	25	0
rg	2017	8	12	21	30	0
rg	2017	8	12	21	35	0
rg	2017	8	12	21	40	0
rg	2017	8	12	21	45	0
rg	2017	8	12	21	50	0
rg	2017	8	12	21	55	0
rg	2017	8	12	22	0	0
rg	2017	8	12	22	5	0
rg	2017	8	12	22	10	0
rg	2017	8	12	22	15	0
rg	2017	8	12	22	20	0
rg	2017	8	12	22	25	0
rg	2017	8	12	22	30	0
rg	2017	8	12	22	35	0
rg	2017	8	12	22	40	0
rg	2017	8	12	22	45	0
rg	2017	8	12	22	50	0
rg	2017	8	12	22	55	0
rg	2017	8	12	23	0	0
rg	2017	8	12	23	5	0
rg	2017	8	12	23	10	0
rg	2017	8	12	23	15	0
rg	2017	8	12	23	20	0
rg	2017	8	12	23	25	0
rg	2017	8	12	23	30	0
rg	2017	8	12	23	35	0
rg	2017	8	12	23	40	0
rg	2017	8	12	23	45	0
rg	2017	8	12	23	50	0
rg	2017	8	12	23	55	0
rg	2017	8	12	24	0	0
rg	2017	8	13	0	5	0
rg	2017	8	13	0	10	0
rg	2017	8	13	0	15	0
rg	2017	8	13	0	20	0
rg	2017	8	13	0	25	0
rg	2017	8	13	0	30	0
rg	2017	8	13	0	35	0
rg	2017	8	13	0	40	0
rg	2017	8	13	0	45	0
rg	2017	8	13	0	50	0
rg	2017	8	13	0	55	0
rg	2017	8	13	1	0	0
rg	2017	8	13	1	5	0
rg	2017	8	13	1	10	0
rg	2017	8	13	1	15	0
rg	2017	8	13	1	20	0
rg	2017	8	13	1	25	0
rg	2017	8	13	1	30	0
rg	2017	8	13	1	35	0
rg	2017	8	13	1	40	0
rg	2017	8	13	1	45	0
rg	2017	8	13	1	50	0
rg	2017	8	13	1	55	0
rg	2017	8	13	2	0	0
rg	2017	8	13	2	5	0
rg	2017	8	13	2	10	0
rg	2017	8	13	2	15	0
rg	2017	8	13	2	20	0
rg	2017	8	13	2	25	0
rg	2017	8	13	2	30	0
rg	2017	8	13	2	35	0
rg	2017	8	13	2	40	0
rg	2017	8	13	2	45	0
rg	2017	8	13	2	50	0
rg	2017	8	13	2	55	0
rg	2017	8	13	3	0	0
rg	2017	8	13	3	5	0
rg	2017	8	13	3	10	0
rg	2017	8	13	3	15	0
rg	2017	8	13	3	20	0
rg	2017	8	13	3	25	0
rg	2017	8	13	3	30	0
rg	2017	8	13	3	35	0
rg	2017	8	13	3	40	0
rg	2017	8	13	3	45	0
rg	2017	8	13	3	50	0
rg	2017	8	13	3	55	0
rg	2017	8	13	4	0	0
rg	2017	8	13	4	5	0
rg	2017	8	13	4	10	0
rg	2017	8	13	4	15	0
rg	2017	8	13	4	20	0
rg	2017	8	13	4	25	0
rg	2017	8	13	4	30	0
rg	2017	8	13	4	35	0
rg	2017	8	13	4	40	0
rg	2017	8	13	4	45	0
rg	2017	8	13	4	50	0
rg	2017	8	13	4	55	0
rg	2017	8	13	5	0	0
rg	2017	8	13	5	5	0
rg	2017	8	13	5	10	0
rg	2017	8	13	5	15	0
rg	2017	8	13	5	20	0
rg	2017	8	13	5	25	0
rg	2017	8	13	5	30	0
rg	2017	8	13	5	35	0
rg	2017	8	13	5	40	0
rg	2017	8	13	5	45	0
rg	2017	8	13	5	50	0
rg	2017	8	13	5	55	0
rg	2017	8	13	6	0	0
rg	2017	8	13	6	5	0
rg	2017	8	13	6	10	0
rg	2017	8	13	6	15	0
rg	2017	8	13	6	20	0
rg	2017	8	13	6	25	0
rg	2017	8	13	6	30	0
rg	2017	8	13	6	35	0
rg	2017	8	13	6	40	0
rg	2017	8	13	6	45	0
rg	2017	8	13	6	50	0
rg	2017	8	13	6	55	0
rg	2017	8	13	7	0	0
rg	2017	8	13	7	5	0
rg	2017	8	13	7	10	0
rg	2017	8	13	7	15	0
rg	2017	8	13	7	20	0
rg	2017	8	13	7	25	0
rg	2017	8	13	7	30	0
rg	2017	8	13	7	35	0
rg	2017	8	13	7	40	0
rg	2017	8	13	7	45	0
rg	2017	8	13	7	50	0
rg	2017	8	13	7	55	0
rg	2017	8	13	8	0	0
rg	2017	8	13	8	5	0
rg	2017	8	13	8	10	0
rg	2017	8	13	8	15	0
rg	2017	8	13	8	20	0
rg	2017	8	13	8	25	0
rg	2017	8	13	8	30	0
rg	2017	8	13	8	35	0
rg	2017	8	13	8	40	0
rg	2017	8	13	8	45	0
rg	2017	8	13	8	50	0
rg	2017	8	13	8	55	0
rg	2017	8	13	9	0	0
rg	2017	8	13	9	5	0
rg	2017	8	13	9	10	0
rg	2017	8	13	9	15	0
rg	2017	8	13	9	20	0
rg	2017	8	13	9	25	0
rg	2017	8	13	9	30	0
rg	2017	8	13	9	35	0
rg	2017	8	13	9	40	0
rg	2017	8	13	9	45	0
rg	2017	8	13	9	50	0
rg	2017	8	13	9	55	0
rg	2017	8	13	10	0	0
rg	2017	8	13	10	5	0
rg	2017	8	13	10	10	0
rg	2017	8	13	10	15	0
rg	2017	8	13	10	20	0
rg	2017	8	13	10	25	0
rg	2017	8	13	10	30	0
rg	2017	8	13	10	35	0
rg	2017	8	13	10	40	0
rg	2017	8	13	10	45	0
rg	2017	8	13	10	50	0
rg	2017	8	13	10	55	0
rg	2017	8	13	11	0	0
rg	2017	8	13	11	5	0
rg	2017	8	13	11	10	0
rg	2017	8	13	11	15	0
rg	2017	8	13	11	20	0
rg	2017	8	13	11	25	0
rg	2017	8	13	11	30	0
rg	2017	8	13	11	35	0
rg	2017	8	13	11	40	0
rg	2017	8	13	11	45	0
rg	2017	8	13	11	50	0
rg	2017	8	13	11	55	0
rg	2017	8	13	12	0	0
rg	2017	8	13	12	5	0
rg	2017	8	13	12	10	0
rg	2017	8	13	12	15	0
rg	2017	8	13	12	20	0
rg	2017	8	13	12	25	0.1
rg	2017	8	13	12	30	0
rg	2017	8	13	12	35	0
rg	2017	8	13	12	40	0
rg	2017	8	13	12	45	0
rg	2017	8	13	12	50	0.2
rg	2017	8	13	12	55	0
rg	2017	8	13	13	0	0
rg	2017	8	13	13	5	0
rg	2017	8	13	13	10	0
rg	2017	8	13	13	15	0
rg	2017	8	13	13	20	0
rg	2017	8	13	13	25	0
rg	2017	8	13	13	30	0
rg	2017	8	13	13	35	0
rg	2017	8	13	13	40	0
rg	2017	8	13	13	45	0
rg	2017	8	13	13	50	0
rg	2017	8	13	13	55	0
rg	2017	8	13	14	0	0
rg	2017	8	13	14	5	0
rg	2017	8	13	14	10	0
rg	2017	8	13	14	15	0
rg	2017	8	13	14	20	0
rg	2017	8	13	14	25	0
rg	2017	8	13	14	30	0
rg	2017	8	13	14	35	0.3
rg	2017	8	13	14	40	0.3
rg	2017	8	13	14	45	0
rg	2017	8	13	14	50	0
rg	2017	8	13	14	55	0
rg	2017	8	13	15	0	0
rg	2017	8	13	15	5	0
rg	2017	8	13	15	10	0
rg	2017	8	13	15	15	0
rg	2017	8	13	15	20	0.1
rg	2017	8	13	15	25	0
rg	2017	8	13	15	30	0
rg	2017	8	13	15	35	0
rg	2017	8	13	15	40	0
rg	2017	8	13	15	45	0
rg	2017	8	13	15	50	0
rg	2017	8	13	15	55	0
rg	2017	8	13	16	0	0
rg	2017	8	13	16	5	0
rg	2017	8	13	16	10	0
rg	2017	8	13	16	15	0
rg	2017	8	13	16	20	0
rg	2017	8	13	16	25	0
rg	2017	8	13	16	30	0
rg	2017	8	13	16	35	0
rg	2017	8	13	16	40	0
rg	2017	8	13	16	45	0
rg	2017	8	13	16	50	0
rg	2017	8	13	16	55	0
rg	2017	8	13	17	0	0
rg	2017	8	13	17	5	0
rg	2017	8	13	17	10	0
rg	2017	8	13	17	15	0
rg	2017	8	13	17	20	0
rg	2017	8	13	17	25	0
rg	2017	8	13	17	30	0
rg	2017	8	13	17	35	0
rg	2017	8	13	17	40	0
rg	2017	8	13	17	45	0
rg	2017	8	13	17	50	0
rg	2017	8	13	17	55	0
rg	2017	8	13	18	0	0
rg	2017	8	13	18	5	0
rg	2017	8	13	18	10	0
rg	2017	8	13	18	15	0
rg	2017	8	13	18	20	0
rg	2017	8	13	18	25	0
rg	2017	8	13	18	30	0
rg	2017	8	13	18	35	0
rg	2017	8	13	18	40	0
rg	2017	8	13	18	45	0
rg	2017	8	13	18	50	0
rg	2017	8	13	18	55	0
rg	2017	8	13	19	0	0
rg	2017	8	13	19	5	0
rg	2017	8	13	19	10	0
rg	2017	8	13	19	15	0
rg	2017	8	13	19	20	0
rg	2017	8	13	19	25	0
rg	2017	8	13	19	30	0
rg	2017	8	13	19	35	0
rg	2017	8	13	19	40	0
rg	2017	8	13	19	45	0
rg	2017	8	13	19	50	0
rg	2017	8	13	19	55	0
rg	2017	8	13	20	0	0
rg	2017	8	13	20	5	0
rg	2017	8	13	20	10	0
rg	2017	8	13	20	15	0
rg	2017	8	13	20	20	0
rg	2017	8	13	20	25	0
rg	2017	8	13	20	30	0
rg	2017	8	13	20	35	0
rg	2017	8	13	20	40	0
rg	2017	8	13	20	45	0
rg	2017	8	13	20	50	0
rg	2017	8	13	20	55	0
rg	2017	8	13	21	0	0
rg	2017	8	13	21	5	0
rg	2017	8	13	21	10	0
rg	2017	8	13	21	15	0
rg	2017	8	13	21	20	0
rg	2017	8	13	21	25	0
rg	2017	8	13	21	30	0
rg	2017	8	13	21	35	0
rg	2017	8	13	21	40	0
rg	2017	8	13	21	45	0
rg	2017	8	13	21	50	0
rg	2017	8	13	21	55	0
rg	2017	8	13	22	0	0
rg	2017	8	13	22	5	0
rg	2017	8	13	22	10	0
rg	2017	8	13	22	15	0
rg	2017	8	13	22	20	0
rg	2017	8	13	22	25	0
rg	2017	8	13	22	30	0
rg	2017	8	13	22	35	0
rg	2017	8	13	22	40	0
rg	2017	8	13	22	45	0
rg	2017	8	13	22	50	0
rg	2017	8	13	22	55	0
rg	2017	8	13	23	0	0
rg	2017	8	13	23	5	0
rg	2017	8	13	23	10	0
rg	2017	8	13	23	15	0
rg	2017	8	13	23	20	0
rg	2017	8	13	23	25	0
rg	2017	8	13	23	30	0
rg	2017	8	13	23	35	0
rg	2017	8	13	23	40	0
rg	2017	8	13	23	45	0
rg	2017	8	13	23	50	0
rg	2017	8	13	23	55	0
rg	2017	8	13	24	0	0
rg	2017	8	14	0	5	0
rg	2017	8	14	0	10	0
rg	2017	8	14	0	15	0
rg	2017	8	14	0	20	0
rg	2017	8	14	0	25	0
rg	2017	8	14	0	30	0
rg	2017	8	14	0	35	0
rg	2017	8	14	0	40	0
rg	2017	8	14	0	45	0
rg	2017	8	14	0	50	0
rg	2017	8	14	0	55	0
rg	2017	8	14	1	0	0
rg	2017	8	14	1	5	0
rg	2017	8	14	1	10	0
rg	2017	8	14	1	15	0
rg	2017	8	14	1	20	0
rg	2017	8	14	1	25	0
rg	2017	8	14	1	30	0
rg	2017	8	14	1	35	0
rg	2017	8	14	1	40	0
rg	2017	8	14	1	45	0
rg	2017	8	14	1	50	0
rg	2017	8	14	1	55	0
rg	2017	8	14	2	0	0
rg	2017	8	14	2	5	0
rg	2017	8	14	2	10	0
rg	2017	8	14	2	15	0
rg	2017	8	14	2	20	0
rg	2017	8	14	2	25	0
rg	2017	8	14	2	30	0
rg	2017	8	14	2	35	0
rg	2017	8	14	2	40	0
rg	2017	8	14	2	45	0
rg	2017	8	14	2	50	0
rg	2017	8	14	2	55	0
rg	2017	8	14	3	0	0
rg	2017	8	14	3	5	0
rg	2017	8	14	3	10	0
rg	2017	8	14	3	15	0
rg	2017	8	14	3	20	0
rg	2017	8	14	3	25	0
rg	2017	8	14	3	30	0
rg	2017	8	14	3	35	0
rg	2017	8	14	3	40	0
rg	2017	8	14	3	45	0
rg	2017	8	14	3	50	0
rg	2017	8	14	3	55	0
rg	2017	8	14	4	0	0
rg	2017	8	14	4	5	0
rg	2017	8	14	4	10	0
rg	2017	8	14	4	15	0
rg	2017	8	14	4	20	0
rg	2017	8	14	4	25	0
rg	2017	8	14	4	30	0
rg	2017	8	14	4	35	0
rg	2017	8	14	4	40	0
rg	2017	8	14	4	45	0
rg	2017	8	14	4	50	0
rg	2017	8	14	4	55	0
rg	2017	8	14	5	0	0
rg	2017	8	14	5	5	0
rg	2017	8	14	5	10	0
rg	2017	8	14	5	15	0
rg	2017	8	14	5	20	0
rg	2017	8	14	5	25	0
rg	2017	8	14	5	30	0
rg	2017	8	14	5	35	0
rg	2017	8	14	5	40	0
rg	2017	8	14	5	45	0
rg	2017	8	14	5	50	0
rg	2017	8	14	5	55	0
rg	2017	8	14	6	0	0
rg	2017	8	14	6	5	0
rg	2017	8	14	6	10	0
rg	2017	8	14	6	15	0
rg	2017	8	14	6	20	0
rg	2017	8	14	6	25	0
rg	2017	8	14	6	30	0
rg	2017	8	14	6	35	0
rg	2017	8	14	6	40	0
rg	2017	8	14	6	45	0
rg	2017	8	14	6	50	0
rg	2017	8	14	6	55	0
rg	2017	8	14	7	0	0
rg	2017	8	14	7	5	0
rg	2017	8	14	7	10	0
rg	2017	8	14	7	15	0
rg	2017	8	14	7	20	0
rg	2017	8	14	7	25	0
rg	2017	8	14	7	30	0
rg	2017	8	14	7	35	0
rg	2017	8	14	7	40	0
rg	2017	8	14	7	45	0
rg	2017	8	14	7	50	0
rg	2017	8	14	7	55	0
rg	2017	8	14	8	0	0
rg	2017	8	14	8	5	0
rg	2017	8	14	8	10	0
rg	2017	8	14	8	15	0
rg	2017	8	14	8	20	0
rg	2017	8	14	8	25	0
rg	2017	8	14	8	30	0
rg	2017	8	14	8	35	0
rg	2017	8	14	8	40	0
rg	2017	8	14	8	45	0
rg	2017	8	14	8	50	0
rg	2017	8	14	8	55	0
rg	2017	8	14	9	0	0
rg	2017	8	14	9	5	0
rg	2017	8	14	9	10	0
rg	2017	8	14	9	15	0
rg	2017	8	14	9	20	0
rg	2017	8	14	9	25	0
rg	2017	8	14	9	30	0
rg	2017	8	14	9	35	0
rg	2017	8	14	9	40	0
rg	2017	8	14	9	45	0
rg	2017	8	14	9	50	0
rg	2017	8	14	9	55	0
rg	2017	8	14	10	0	0
rg	2017	8	14	10	5	0
rg	2017	8	14	10	10	0
rg	2017	8	14	10	15	0
rg	2017	8	14	10	20	0
rg	2017	8	14	10	25	0
rg	2017	8	14	10	30	0
rg	2017	8	14	10	35	0
rg	2017	8	14	10	40	0
rg	2017	8	14	10	45	0
rg	2017	8	14	10	50	0
rg	2017	8	14	10	55	0
rg	2017	8	14	11	0	0
rg	2017	8	14	11	5	0
rg	2017	8	14	11	10	0
rg	2017	8	14	11	15	0
rg	2017	8	14	11	20	0
rg	2017	8	14	11	25	0
rg	2017	8	14	11	30	0
rg	2017	8	14	11	35	0
rg	2017	8	14	11	40	0
rg	2017	8	14	11	45	0
rg	2017	8	14	11	50	0
rg	2017	8	14	11	55	0
rg	2017	8	14	12	0	0
rg	2017	8	14	12	5	0
rg	2017	8	14	12	10	0
rg	2017	8	14	12	15	0
rg	2017	8	14	12	20	0
rg	2017	8	14	12	25	0
rg	2017	8	14	12	30	0
rg	2017	8	14	12	35	0
rg	2017	8	14	12	40	0
rg	2017	8	14	12	45	0
rg	2017	8	14	12	50	0
rg	2017	8	14	12	55	0
rg	2017	8	14	13	0	0
rg	2017	8	14	13	5	0
rg	2017	8	14	13	10	0
rg	2017	8	14	13	15	0
rg	2017	8	14	13	20	0
rg	2017	8	14	13	25	0
rg	2017	8	14	13	30	0
rg	2017	8	14	13	35	0
rg	2017	8	14	13	40	0
rg	2017	8	14	13	45	0
rg	2017	8	14	13	50	0
rg	2017	8	14	13	55	0
rg	2017	8	14	14	0	0
rg	2017	8	14	14	5	0
rg	2017	8	14	14	10	0
rg	2017	8	14	14	15	0
rg	2017	8	14	14	20	0
rg	2017	8	14	14	25	0
rg	2017	8	14	14	30	0
rg	2017	8	14	14	35	0
rg	2017	8	14	14	40	0
rg	2017	8	14	14	45	0
rg	2017	8	14	14	50	0
rg	2017	8	14	14	55	0
rg	2017	8	14	15	0	0
rg	2017	8	14	15	5	0
rg	2017	8	14	15	10	0
rg	2017	8	14	15	15	0
rg	2017	8	14	15	20	0
rg	2017	8	14	15	25	0
rg	2017	8	14	15	30	0
rg	2017	8	14	15	35	0
rg	2017	8	14	15	40	0
rg	2017	8	14	15	45	0
rg	2017	8	14	15	50	0
rg	2017	8	14	15	55	0
rg	2017	8	14	16	0	0
rg	2017	8	14	16	5	0
rg	2017	8	14	16	10	0
rg	2017	8	14	16	15	0
rg	2017	8	14	16	20	0
rg	2017	8	14	16	25	0
rg	2017	8	14	16	30	0
rg	2017	8	14	16	35	0
rg	2017	8	14	16	40	0
rg	2017	8	14	16	45	0
rg	2017	8	14	16	50	0
rg	2017	8	14	16	55	0
rg	2017	8	14	17	0	0
rg	2017	8	14	17	5	0
rg	2017	8	14	17	10	0
rg	2017	8	14	17	15	0
rg	2017	8	14	17	20	0
rg	2017	8	14	17	25	0
rg	2017	8	14	17	30	0
rg	2017	8	14	17	35	0
rg	2017	8	14	17	40	0
rg	2017	8	14	17	45	0
rg	2017	8	14	17	50	0
rg	2017	8	14	17	55	0
rg	2017	8	14	18	0	0
rg	2017	8	14	18	5	0
rg	2017	8	14	18	10	0
rg	2017	8	14	18	15	0
rg	2017	8	14	18	20	0
rg	2017	8	14	18	25	0
rg	2017	8	14	18	30	0
rg	2017	8	14	18	35	0
rg	2017	8	14	18	40	0
rg	2017	8	14	18	45	0
rg	2017	8	14	18	50	0
rg	2017	8	14	18	55	0
rg	2017	8	14	19	0	0
rg	2017	8	14	19	5	0
rg	2017	8	14	19	10	0
rg	2017	8	14	19	15	0
rg	2017	8	14	19	20	0
rg	2017	8	14	19	25	0
rg	2017	8	14	19	30	0
rg	2017	8	14	19	35	0
rg	2017	8	14	19	40	0
rg	2017	8	14	19	45	0
rg	2017	8	14	19	50	0
rg	2017	8	14	19	55	0
rg	2017	8	14	20	0	0
rg	2017	8	14	20	5	0
rg	2017	8	14	20	10	0
rg	2017	8	14	20	15	0
rg	2017	8	14	20	20	0
rg	2017	8	14	20	25	0
rg	2017	8	14	20	30	0
rg	2017	8	14	20	35	0
rg	2017	8	14	20	40	0
rg	2017	8	14	20	45	0
rg	2017	8	14	20	50	0
rg	2017	8	14	20	55	0
rg	2017	8	14	21	0	0
rg	2017	8	14	21	5	0
rg	2017	8	14	21	10	0
rg	2017	8	14	21	15	0
rg	2017	8	14	21	20	0
rg	2017	8	14	21	25	0
rg	2017	8	14	21	30	0
rg	2017	8	14	21	35	0
rg	2017	8	14	21	40	0
rg	2017	8	14	21	45	0
rg	2017	8	14	21	50	0
rg	2017	8	14	21	55	0
rg	2017	8	14	22	0	0
rg	2017	8	14	22	5	0
rg	2017	8	14	22	10	0
rg	2017	8	14	22	15	0
rg	2017	8	14	22	20	0
rg	2017	8	14	22	25	0
rg	2017	8	14	22	30	0
rg	2017	8	14	22	35	0
rg	2017	8	14	22	40	0
rg	2017	8	14	22	45	0
rg	2017	8	14	22	50	0
rg	2017	8	14	22	55	0
rg	2017	8	14	23	0	0
rg	2017	8	14	23	5	0
rg	2017	8	14	23	10	0
rg	2017	8	14	23	15	0
rg	2017	8	14	23	20	0
rg	2017	8	14	23	25	0
rg	2017	8	14	23	30	0
rg	2017	8	14	23	35	0
rg	2017	8	14	23	40	0
rg	2017	8	14	23	45	0
rg	2017	8	14	23	50	0
rg	2017	8	14	23	55	0
rg	2017	8	14	24	0	0
